0.07657289505004883
0.027085065841674805
0.040235042572021484
0.031162023544311523
0.03861594200134277
0.04535102844238281
0.04514193534851074
0.03895711898803711
0.03526711463928223
0.0648488998413086
0.02285599708557129
0.031087875366210938
0.03612494468688965
0.05914306640625
0.04324197769165039
0.03396105766296387
0.04880380630493164
0.06228995323181152
0.05223417282104492
0.05321192741394043
0.022022008895874023
0.04449200630187988
0.053961992263793945
0.07317304611206055
0.06575298309326172
0.05141711235046387
0.06931591033935547
0.05106496810913086
0.016865015029907227
0.050477027893066406
0.04043412208557129
0.047081947326660156
0.028445959091186523
0.03469204902648926
0.02325296401977539
0.03145313262939453
0.031564950942993164
0.0386810302734375
0.024160146713256836
0.04414010047912598
0.04377293586730957
0.045575857162475586
0.05681896209716797
0.016498088836669922
0.020837068557739258
0.04912710189819336
0.05695009231567383
0.0333249568939209
0.015202045440673828
0.046417951583862305
0.0362701416015625
0.029395103454589844
0.04182600975036621
0.016220808029174805
0.04509902000427246
0.0551300048828125
0.04834294319152832
0.04121994972229004
0.034416913986206055
0.04924607276916504
0.038529157638549805
0.048954010009765625
0.050924062728881836
0.02234816551208496
0.042680978775024414
0.05078482627868652
0.03490805625915527
0.026203155517578125
0.009856939315795898
0.04155397415161133
0.052971839904785156
0.04767608642578125
0.04665780067443848
0.04649782180786133
0.0665287971496582
0.046720027923583984
0.04147005081176758
0.04035592079162598
0.04701709747314453
0.029165983200073242
0.05312204360961914
0.035002946853637695
0.04312777519226074
0.03356790542602539
0.03847002983093262
0.05706000328063965
0.05033397674560547
0.04771304130554199
0.0357818603515625
0.05337190628051758
0.05072784423828125
0.05252885818481445
0.05200600624084473
0.038609981536865234
0.020313024520874023
0.03486800193786621
0.03562808036804199
0.02959299087524414
0.0538330078125
0.05160403251647949
0.020956039428710938
0.023832082748413086
0.03004002571105957
0.02457118034362793
0.04443097114562988
0.028944969177246094
0.03493094444274902
0.03235602378845215
0.03717303276062012
0.020912885665893555
0.02855992317199707
0.05116605758666992
0.022654056549072266
0.05718588829040527
0.037528038024902344
0.04566001892089844
0.030175209045410156
0.027791976928710938
0.0351099967956543
0.04583096504211426
0.05746579170227051
0.05875205993652344
0.02069997787475586
0.03070998191833496
0.05760502815246582
0.04666495323181152
0.018622875213623047
0.056292057037353516
0.0360260009765625
0.04134011268615723
0.035514116287231445
0.042112112045288086
0.04047083854675293
0.03195619583129883
0.05718588829040527
0.028572797775268555
0.055383920669555664
0.03320813179016113
0.027806997299194336
0.04534196853637695
0.056014060974121094
0.05356097221374512
0.030701875686645508
0.039277076721191406
0.04964184761047363
0.03114604949951172
0.04315304756164551
0.03816509246826172
0.01774311065673828
0.04104304313659668
0.027060985565185547
0.06083488464355469
0.026328086853027344
0.05685901641845703
0.04321694374084473
0.03005194664001465
0.041867971420288086
0.03747701644897461
0.03057098388671875
0.04189300537109375
0.02643609046936035
0.04496312141418457
0.052403926849365234
0.015298843383789062
0.019505977630615234
0.053273916244506836
0.016206979751586914
0.025950908660888672
0.053164005279541016
0.032510995864868164
0.0698699951171875
0.027979135513305664
0.021764039993286133
0.034731149673461914
0.038839101791381836
0.032896995544433594
0.04542899131774902
0.030701875686645508
0.035195112228393555
0.012060165405273438
0.05993008613586426
0.03926515579223633
0.0506439208984375
0.0160980224609375
0.05286908149719238
0.03375697135925293
0.0545659065246582
0.026740074157714844
0.06187915802001953
0.025506973266601562
0.04904317855834961
0.05525398254394531
0.01655101776123047
0.048317909240722656
0.05505490303039551
0.03149890899658203
0.06345891952514648
0.049384117126464844
0.016621828079223633
0.06345605850219727
0.02254199981689453
0.020006179809570312
0.03946805000305176
0.020203828811645508
0.026530981063842773
0.05781292915344238
0.027128219604492188
0.02314901351928711
0.0218660831451416
0.01654195785522461
0.04984116554260254
0.03153586387634277
0.042433977127075195
0.04531097412109375
0.019648075103759766
0.03146100044250488
0.04925704002380371
0.04750204086303711
0.048439979553222656
0.03588104248046875
0.04698801040649414
0.033949851989746094
0.04013204574584961
0.04046797752380371
0.059387922286987305
0.04296088218688965
0.026977062225341797
0.049189090728759766
0.018985986709594727
0.03513193130493164
0.05009818077087402
0.04426407814025879
0.026240110397338867
0.014273881912231445
0.05595803260803223
0.026702165603637695
0.05051302909851074
0.030894041061401367
0.020055055618286133
0.015011072158813477
0.0229489803314209
0.018206119537353516
0.029937028884887695
0.05584597587585449
0.01462101936340332
0.038084983825683594
0.038436174392700195
0.04169511795043945
0.059146881103515625
0.03605914115905762
0.027400970458984375
0.036720991134643555
0.04833221435546875
0.020461082458496094
0.05843091011047363
0.029214859008789062
0.03808712959289551
0.07392001152038574
0.014215946197509766
0.0564420223236084
0.029221057891845703
0.026680946350097656
0.030794143676757812
0.05006289482116699
0.03636789321899414
0.030480146408081055
0.030506134033203125
0.03212094306945801
0.044629812240600586
0.03324103355407715
0.04552102088928223
0.03650212287902832
0.04676985740661621
0.033879995346069336
0.024003028869628906
0.04567599296569824
0.05808281898498535
0.032241106033325195
0.04941701889038086
0.050601959228515625
0.05509805679321289
0.02018284797668457
0.05518698692321777
0.012423038482666016
0.06573104858398438
0.04492020606994629
0.04175090789794922
0.04048800468444824
0.042886972427368164
0.04724597930908203
0.04978799819946289
0.0701441764831543
0.034516096115112305
0.015661001205444336
0.028337955474853516
0.05909991264343262
0.0511929988861084
0.024573087692260742
0.014059066772460938
0.016968965530395508
0.04080009460449219
0.017083168029785156
0.030727863311767578
0.0344541072845459
0.03716111183166504
0.04115915298461914
0.044281959533691406
0.02219390869140625
0.0273129940032959
0.03315615653991699
0.012358903884887695
0.015761852264404297
0.036334991455078125
0.05670499801635742
0.02347397804260254
0.03817105293273926
0.017055988311767578
0.0377500057220459
0.02975296974182129
0.03744697570800781
0.0648338794708252
0.0339508056640625
0.05975699424743652
0.06159806251525879
0.022151947021484375
0.03601789474487305
0.028666973114013672
0.04904985427856445
0.07324695587158203
0.056205034255981445
0.037676095962524414
0.02444911003112793
0.05634307861328125
0.04291701316833496
0.04399681091308594
0.04849410057067871
0.02757716178894043
0.05270695686340332
0.03928184509277344
0.015166044235229492
0.0616450309753418
0.05029892921447754
0.03277707099914551
0.044168949127197266
0.017107009887695312
0.027138948440551758
0.04986405372619629
0.05175209045410156
0.039752960205078125
0.06791996955871582
0.05335807800292969
0.03859901428222656
0.05412697792053223
0.04372215270996094
0.05808711051940918
0.032145023345947266
0.04360008239746094
0.0386810302734375
0.053247928619384766
0.045623064041137695
0.06033611297607422
0.010734796524047852
0.0256500244140625
0.0503840446472168
0.026704072952270508
0.07398319244384766
0.016646146774291992
0.0574491024017334
0.05282402038574219
0.014256000518798828
0.06444120407104492
0.02773308753967285
0.06888699531555176
0.030003070831298828
0.0363161563873291
0.03629803657531738
0.0463709831237793
0.043495893478393555
0.015604019165039062
0.03756093978881836
0.02861189842224121
0.03369617462158203
0.040244102478027344
0.027164936065673828
0.053173065185546875
0.029606103897094727
0.035572052001953125
0.04062700271606445
0.04784417152404785
0.019771099090576172
0.026246070861816406
0.05865001678466797
0.04748106002807617
0.029757976531982422
0.04233908653259277
0.032653093338012695
0.029127120971679688
0.04493284225463867
0.011138916015625
0.036062002182006836
0.05186009407043457
0.04195904731750488
0.032682180404663086
0.042571067810058594
0.04132390022277832
0.018897056579589844
0.017954111099243164
0.053041934967041016
0.04749178886413574
0.019221067428588867
0.026008129119873047
0.04870295524597168
0.016146183013916016
0.018918991088867188
0.03328204154968262
0.031286001205444336
0.02061605453491211
0.03152799606323242
0.053605079650878906
0.04065108299255371
0.03131985664367676
0.030345916748046875
0.03288578987121582
0.05310797691345215
0.014720916748046875
0.041834115982055664
0.021357059478759766
0.05446195602416992
0.05382895469665527
0.051924943923950195
0.03264307975769043
0.04065203666687012
0.03489995002746582
0.04761195182800293
0.03534388542175293
0.022822141647338867
0.052726030349731445
0.05617213249206543
0.045480966567993164
0.05396008491516113
0.016165971755981445
0.02208685874938965
0.046154022216796875
0.04171609878540039
0.050891876220703125
0.046753883361816406
0.04088902473449707
0.03690505027770996
0.03446221351623535
0.04089999198913574
0.019634008407592773
0.028922080993652344
0.03841090202331543
0.05226492881774902
0.030539989471435547
0.07307100296020508
0.05773496627807617
0.05892515182495117
0.02562880516052246
0.022813081741333008
0.05272507667541504
0.054435014724731445
0.05361604690551758
0.02936100959777832
0.03590893745422363
0.050968170166015625
0.02980494499206543
0.04607892036437988
0.0480799674987793
0.0196840763092041
0.03803896903991699
0.013252019882202148
0.028437137603759766
0.029887914657592773
0.03734397888183594
0.0171201229095459
0.024983882904052734
0.051629066467285156
0.045465946197509766
0.02471303939819336
0.033905982971191406
0.03391599655151367
0.026996850967407227
0.05177497863769531
0.01650094985961914
0.03294205665588379
0.024013042449951172
0.04879593849182129
0.012706995010375977
0.05030512809753418
0.02149486541748047
0.026849031448364258
0.057585954666137695
0.052065134048461914
0.024183034896850586
0.053871870040893555
0.03493905067443848
0.03890395164489746
0.021607160568237305
0.035501956939697266
0.025543928146362305
0.049735069274902344
0.019384145736694336
0.03833198547363281
0.06490206718444824
0.052572011947631836
0.03086996078491211
0.03175616264343262
0.023128032684326172
0.028081893920898438
0.025629043579101562
0.04280805587768555
0.014011859893798828
0.05029797554016113
0.035340070724487305
0.01661992073059082
0.02828693389892578
0.04398703575134277
0.03175997734069824
0.02434396743774414
0.028422832489013672
0.02031111717224121
0.047760009765625
0.03507208824157715
0.04499697685241699
0.03961300849914551
0.05099606513977051
0.046144962310791016
0.03822493553161621
0.032705068588256836
0.014951944351196289
0.03954195976257324
0.029613018035888672
0.02876901626586914
0.03508400917053223
0.04196882247924805
0.032334089279174805
0.0694129467010498
0.04141402244567871
0.018887042999267578
0.051154136657714844
0.011439085006713867
0.03433394432067871
0.027370929718017578
0.029470205307006836
0.05161404609680176
0.03133201599121094
0.01589512825012207
0.0349431037902832
0.03851914405822754
0.015759944915771484
0.02118086814880371
0.016299009323120117
0.057521820068359375
0.03772592544555664
0.03544783592224121
0.03594613075256348
0.02988290786743164
0.026740074157714844
0.029633045196533203
0.044706106185913086
0.029744863510131836
0.025474071502685547
0.028522968292236328
0.03268599510192871
0.06734895706176758
0.04760003089904785
0.04898500442504883
0.04946422576904297
0.015020132064819336
0.024311065673828125
0.02313709259033203
0.06411600112915039
0.05250406265258789
0.04480910301208496
0.05480694770812988
0.045104026794433594
0.04930400848388672
0.05025196075439453
0.030747175216674805
0.016211986541748047
0.06198000907897949
0.047792911529541016
0.050386905670166016
0.058251142501831055
0.05338406562805176
0.041133880615234375
0.056851863861083984
0.031527042388916016
0.049363136291503906
0.02519702911376953
0.029994964599609375
0.00769805908203125
0.034423112869262695
0.02908921241760254
0.02815699577331543
0.021313905715942383
0.01671886444091797
0.02106308937072754
0.005645036697387695
