0.05780506134033203
0.03969597816467285
0.030286073684692383
0.03529095649719238
0.013458013534545898
0.04532194137573242
0.015115022659301758
0.028142929077148438
0.029247045516967773
0.03071117401123047
0.043395042419433594
0.046443939208984375
0.051229000091552734
0.048254966735839844
0.022557973861694336
0.025745153427124023
0.042617082595825195
0.05439496040344238
0.028666973114013672
0.0519559383392334
0.04456210136413574
0.037876129150390625
0.05339312553405762
0.04011797904968262
0.04857993125915527
0.03317999839782715
0.018199920654296875
0.025591135025024414
0.028250932693481445
0.054347991943359375
0.0328829288482666
0.06437182426452637
0.03907513618469238
0.026592016220092773
0.014155864715576172
0.022092103958129883
0.04367995262145996
0.03294992446899414
0.03825807571411133
0.053108930587768555
0.013440847396850586
0.040338993072509766
0.0501859188079834
0.0484919548034668
0.017359018325805664
0.031987905502319336
0.044291019439697266
0.023353099822998047
0.05258798599243164
0.03982186317443848
0.015646934509277344
0.0408937931060791
0.021577119827270508
0.053810834884643555
0.04391312599182129
0.05477404594421387
0.04697680473327637
0.048995018005371094
0.016646862030029297
0.04441404342651367
0.023819923400878906
0.023424148559570312
0.028935909271240234
0.049247026443481445
0.049488067626953125
0.021943092346191406
0.03664207458496094
0.04041409492492676
0.021057844161987305
0.040863990783691406
0.04018092155456543
0.03004598617553711
0.030330181121826172
0.0364689826965332
0.06360912322998047
0.053009986877441406
0.030385971069335938
0.026821136474609375
0.022763967514038086
0.01674509048461914
0.0482480525970459
0.03131508827209473
0.05274486541748047
0.04055905342102051
0.047064781188964844
0.015426874160766602
0.029484987258911133
0.049278974533081055
0.015161991119384766
0.033963918685913086
0.05128192901611328
0.01583719253540039
0.026787996292114258
0.03976798057556152
0.03284883499145508
0.02578902244567871
0.053459882736206055
0.03998398780822754
0.014449834823608398
0.044072866439819336
0.03094196319580078
0.02778911590576172
0.040197134017944336
0.04139399528503418
0.055455923080444336
0.05229306221008301
0.04537391662597656
0.03847002983093262
0.03464317321777344
0.04557609558105469
0.03090691566467285
0.05533599853515625
0.03287982940673828
0.010592222213745117
0.025068044662475586
0.06533408164978027
0.021139144897460938
0.022694110870361328
0.05390214920043945
0.02897500991821289
0.053125858306884766
0.029268980026245117
0.04755806922912598
0.048813819885253906
0.04647517204284668
0.04050397872924805
0.02131485939025879
0.0352480411529541
0.03424715995788574
0.05436301231384277
0.0513310432434082
0.023538827896118164
0.014715909957885742
0.03643298149108887
0.044178009033203125
0.02786397933959961
0.0435490608215332
0.027070999145507812
0.032002925872802734
0.04193615913391113
0.016067028045654297
0.024344921112060547
0.016190052032470703
0.05723881721496582
0.015959978103637695
0.05008411407470703
0.03369593620300293
0.018133878707885742
0.03155112266540527
0.046571969985961914
0.017281055450439453
0.03017401695251465
0.04190492630004883
0.03788590431213379
0.057469844818115234
0.0373079776763916
0.027814149856567383
0.040184974670410156
0.01538395881652832
0.053360939025878906
0.048211097717285156
0.040338993072509766
0.04717087745666504
0.014375925064086914
0.0528111457824707
0.05424094200134277
0.015351057052612305
0.04861712455749512
0.05593514442443848
0.05788683891296387
0.023255109786987305
0.051306962966918945
0.01624298095703125
0.008608818054199219
0.02873682975769043
0.027553081512451172
0.029705047607421875
0.028306961059570312
0.04180908203125
0.04802393913269043
0.011075973510742188
0.03309988975524902
0.048831939697265625
0.04237794876098633
0.042593955993652344
0.021955013275146484
0.022606849670410156
0.02797698974609375
0.05391693115234375
0.01069188117980957
0.04360795021057129
0.0453798770904541
0.049273014068603516
0.012651205062866211
0.03583407402038574
0.042326927185058594
0.03192496299743652
0.05037999153137207
0.04755592346191406
0.03922891616821289
0.02503490447998047
0.05368494987487793
0.019295930862426758
0.04637002944946289
0.03747677803039551
0.04350090026855469
0.024229049682617188
0.030553102493286133
0.05568981170654297
0.024962902069091797
0.04868292808532715
0.04363203048706055
0.04008007049560547
0.03158998489379883
0.038667917251586914
0.03985786437988281
0.03493809700012207
0.053019046783447266
0.014723062515258789
0.04140305519104004
0.0498809814453125
0.0431210994720459
0.030926942825317383
0.04096817970275879
0.03623795509338379
0.040918827056884766
0.051759958267211914
0.022189855575561523
0.05196404457092285
0.033479928970336914
0.046913862228393555
0.0482940673828125
0.026580095291137695
0.027981996536254883
0.040927886962890625
0.03004908561706543
0.03956794738769531
0.029945850372314453
0.020318031311035156
0.03320479393005371
0.016415119171142578
0.03665304183959961
0.04749798774719238
0.025925874710083008
0.03779792785644531
0.05423688888549805
0.012859106063842773
0.032662153244018555
0.047183990478515625
0.021880149841308594
0.020708084106445312
0.038548946380615234
0.04053306579589844
0.05631089210510254
0.053140878677368164
0.02733898162841797
0.023939847946166992
0.0413060188293457
0.04868507385253906
0.03729605674743652
0.03153586387634277
0.05573701858520508
0.019984006881713867
0.04918098449707031
0.03218197822570801
0.057769060134887695
0.05063486099243164
0.051084041595458984
0.05822491645812988
0.019028186798095703
0.02273392677307129
0.0637960433959961
0.025862932205200195
0.03357195854187012
0.04076695442199707
0.03174185752868652
0.01645803451538086
0.048417091369628906
0.05740714073181152
0.0422210693359375
0.0418248176574707
0.03474783897399902
0.04190492630004883
0.044651031494140625
0.018535852432250977
0.051605939865112305
0.08117818832397461
0.04737210273742676
0.01234889030456543
0.04375100135803223
0.05549788475036621
0.05228018760681152
0.01196908950805664
0.03847002983093262
0.03234410285949707
0.029201984405517578
0.026298999786376953
0.016136884689331055
0.02733778953552246
0.031224966049194336
0.044569969177246094
0.04223299026489258
0.03480386734008789
0.038069963455200195
0.016648054122924805
0.024444103240966797
0.05389213562011719
0.05328083038330078
0.04124593734741211
0.017615079879760742
0.017457962036132812
0.02097296714782715
0.023359060287475586
0.01376199722290039
0.03917503356933594
0.06531095504760742
0.03838205337524414
0.04764199256896973
0.0419158935546875
0.03184700012207031
0.035398006439208984
0.029762983322143555
0.049101829528808594
0.04687213897705078
0.049024105072021484
0.022721052169799805
0.05108809471130371
0.022082090377807617
0.03636598587036133
0.025677919387817383
0.022093772888183594
0.039687156677246094
0.04530501365661621
0.0673379898071289
0.03484010696411133
0.03689002990722656
0.03132915496826172
0.05812191963195801
0.05319094657897949
0.05408215522766113
0.043313026428222656
0.02233099937438965
0.06998491287231445
0.05764198303222656
0.05390596389770508
0.02193593978881836
0.05599403381347656
0.019144058227539062
0.056826114654541016
0.05849313735961914
0.02612900733947754
0.021991968154907227
0.03665900230407715
0.0319828987121582
0.03260612487792969
0.02170705795288086
0.04946398735046387
0.051275014877319336
0.028836965560913086
0.050405025482177734
0.038053035736083984
0.032163143157958984
0.020371198654174805
0.00596308708190918
0.04436898231506348
0.054839134216308594
0.03602886199951172
0.0637049674987793
0.0694880485534668
0.02944016456604004
0.03778195381164551
0.015900135040283203
0.02549600601196289
0.03832888603210449
0.048948049545288086
0.0315098762512207
0.02416706085205078
0.02198004722595215
0.04430103302001953
0.01485586166381836
0.07964301109313965
0.05087685585021973
0.05778002738952637
0.033177852630615234
0.025257110595703125
0.05370211601257324
0.015276193618774414
0.012046098709106445
0.04480719566345215
0.04925203323364258
0.02850508689880371
0.034114837646484375
0.0455172061920166
0.04888296127319336
0.026077985763549805
0.06038093566894531
0.03659391403198242
0.06354999542236328
0.04015493392944336
0.051032066345214844
0.03218793869018555
0.0178070068359375
0.0700538158416748
0.031069040298461914
0.04940509796142578
0.021752119064331055
0.03199601173400879
0.04717707633972168
0.03423500061035156
0.02829599380493164
0.02995014190673828
0.052388906478881836
0.016761064529418945
0.032102108001708984
0.049067020416259766
0.04494214057922363
0.03503608703613281
0.04718494415283203
0.03562808036804199
0.01854109764099121
0.053356170654296875
0.02317500114440918
0.0519261360168457
0.05256319046020508
0.05347895622253418
0.0452578067779541
0.030539989471435547
0.050314903259277344
0.01208806037902832
0.04361319541931152
0.0253450870513916
0.04531693458557129
0.04540896415710449
0.05052518844604492
0.04922008514404297
0.013424873352050781
0.04840803146362305
0.03277993202209473
0.023199081420898438
0.03786897659301758
0.053012847900390625
0.05080699920654297
0.03288412094116211
0.025701045989990234
0.023123979568481445
0.020632028579711914
0.01653599739074707
0.0527801513671875
0.0527338981628418
0.022409915924072266
0.05022311210632324
0.007595062255859375
0.04957890510559082
0.014914989471435547
0.035527944564819336
0.05382585525512695
0.03460693359375
0.0672001838684082
0.02885293960571289
0.06364083290100098
0.03636622428894043
0.03224802017211914
0.018339157104492188
0.03468012809753418
0.030771970748901367
0.02506113052368164
0.04142403602600098
0.016285181045532227
0.031249046325683594
0.018373966217041016
0.04204201698303223
0.02049398422241211
0.032305002212524414
0.054163217544555664
0.017611980438232422
0.013987064361572266
0.05707192420959473
0.022075891494750977
0.05344390869140625
0.04145002365112305
0.031038999557495117
0.04838395118713379
0.050132036209106445
0.05020594596862793
0.02426886558532715
0.01758599281311035
0.05197596549987793
0.031317949295043945
0.052735090255737305
0.04434800148010254
0.022151947021484375
0.04047203063964844
0.019060134887695312
0.029432058334350586
0.02353215217590332
0.053809165954589844
0.05781912803649902
0.034954071044921875
0.04990100860595703
0.03766894340515137
0.023540019989013672
0.040827035903930664
0.0628361701965332
0.015869855880737305
0.0305330753326416
0.03664684295654297
0.03146505355834961
0.02423095703125
0.03215599060058594
0.028074979782104492
0.05284309387207031
0.04681587219238281
0.028037071228027344
0.04757189750671387
0.033310890197753906
0.05512118339538574
0.024024009704589844
0.03744101524353027
0.04442906379699707
0.06490182876586914
0.018821001052856445
0.03333306312561035
0.05366110801696777
0.06353211402893066
0.06562185287475586
0.04674196243286133
0.05102896690368652
0.04893207550048828
0.02237701416015625
0.03409695625305176
0.03181886672973633
0.03196287155151367
0.010562896728515625
0.06506180763244629
0.029963016510009766
0.0490419864654541
0.01656794548034668
0.022909164428710938
0.027048110961914062
0.04210805892944336
0.019997119903564453
0.02613091468811035
0.06497597694396973
0.04823493957519531
0.05129599571228027
0.057784080505371094
0.02878284454345703
0.03377389907836914
0.0401310920715332
0.02183389663696289
0.03126406669616699
0.031890869140625
0.05555891990661621
0.04770803451538086
0.052021026611328125
0.03819990158081055
0.07738399505615234
0.064849853515625
0.021902084350585938
0.02569293975830078
0.04056096076965332
0.05144810676574707
0.028190135955810547
0.03225994110107422
0.039433956146240234
0.03876996040344238
0.03664398193359375
0.03540301322937012
0.06186103820800781
0.0419161319732666
0.05116009712219238
0.030971050262451172
0.0340421199798584
0.04457712173461914
0.05150914192199707
0.04825305938720703
0.05019116401672363
0.039916038513183594
0.04124188423156738
0.021159887313842773
0.03655099868774414
0.0538640022277832
0.02403116226196289
0.03314399719238281
0.023762941360473633
0.05261397361755371
0.015032052993774414
0.022079944610595703
0.02044510841369629
0.03503108024597168
0.03347492218017578
0.042172908782958984
0.025256872177124023
0.031491994857788086
0.049835920333862305
0.04209399223327637
0.015578985214233398
0.020681142807006836
0.021420955657958984
0.01978015899658203
