0.04902911186218262
0.04077601432800293
0.031759023666381836
0.047328948974609375
0.022816181182861328
0.046617984771728516
0.04942488670349121
0.061350107192993164
0.0327601432800293
0.03211092948913574
0.03812289237976074
0.06056094169616699
0.026118040084838867
0.048879146575927734
0.03293919563293457
0.047044992446899414
0.0335240364074707
0.019578933715820312
0.05219101905822754
0.044892072677612305
0.01814413070678711
0.05713200569152832
0.051033973693847656
0.03484916687011719
0.022809982299804688
0.042407989501953125
0.0415949821472168
0.04099297523498535
0.03650498390197754
0.03465700149536133
0.08524799346923828
0.02412104606628418
0.05302596092224121
0.0332949161529541
0.05408883094787598
0.04082989692687988
0.05871009826660156
0.012608051300048828
0.03154706954956055
0.05091500282287598
0.054825782775878906
0.04033708572387695
0.030027151107788086
0.026194095611572266
0.052165985107421875
0.04914402961730957
0.021336793899536133
0.03757214546203613
0.03267097473144531
0.019440889358520508
0.04560708999633789
0.045929908752441406
0.04884982109069824
0.04111886024475098
0.03483986854553223
0.06125497817993164
0.027453899383544922
0.013660907745361328
0.05708503723144531
0.044790029525756836
0.04866790771484375
0.03429293632507324
0.03448796272277832
0.03436088562011719
0.03971409797668457
0.05426907539367676
0.057244062423706055
0.024565935134887695
0.061428070068359375
0.03071308135986328
0.027616024017333984
0.014612913131713867
0.03612399101257324
0.03254294395446777
0.040667057037353516
0.051254987716674805
0.026901960372924805
0.021893978118896484
0.027838945388793945
0.03541898727416992
0.03451204299926758
0.04583597183227539
0.018229007720947266
0.058650970458984375
0.05996108055114746
0.029566049575805664
0.03752303123474121
0.030923128128051758
0.024039030075073242
0.023396968841552734
0.04137992858886719
0.047119855880737305
0.04919290542602539
0.04127097129821777
0.0155792236328125
0.03737998008728027
0.04110383987426758
0.055339813232421875
0.019032001495361328
0.04563021659851074
0.025939226150512695
0.04943394660949707
0.053195953369140625
0.033985137939453125
0.04240012168884277
0.024557828903198242
0.038446903228759766
0.018304109573364258
0.026769161224365234
0.03485703468322754
0.03734612464904785
0.04001903533935547
0.04173612594604492
0.05801796913146973
0.05369091033935547
0.05258679389953613
0.04158496856689453
0.02813100814819336
0.059309959411621094
0.026881933212280273
0.05731797218322754
0.024391889572143555
0.05016517639160156
0.05289483070373535
0.03438615798950195
0.049574851989746094
0.03232097625732422
0.02309393882751465
0.060936927795410156
0.03149080276489258
0.015182018280029297
0.02382206916809082
0.04484915733337402
0.051683902740478516
0.016412973403930664
0.05115914344787598
0.0612637996673584
0.06561398506164551
0.05012106895446777
0.028583049774169922
0.040554046630859375
0.054026126861572266
0.059072017669677734
0.02441883087158203
0.05023598670959473
0.023628950119018555
0.05009603500366211
0.04694795608520508
0.04796600341796875
0.05213308334350586
0.03835797309875488
0.029616117477416992
0.050084829330444336
0.03443408012390137
0.04552602767944336
0.0432889461517334
0.017073869705200195
0.04311203956604004
0.04374289512634277
0.014232873916625977
0.027642011642456055
0.039443016052246094
0.06857800483703613
0.030957937240600586
0.030284881591796875
0.05047011375427246
0.05240893363952637
0.049012184143066406
0.04115915298461914
0.05234193801879883
0.05321311950683594
0.06090712547302246
0.04402613639831543
0.05735492706298828
0.016126155853271484
0.03193211555480957
0.049944162368774414
0.04963803291320801
0.030865907669067383
0.038331031799316406
0.02906489372253418
0.03825211524963379
0.05147504806518555
0.03300786018371582
0.06978917121887207
0.05233287811279297
0.021967172622680664
0.03128314018249512
0.036379098892211914
0.03854489326477051
0.016676902770996094
0.037941932678222656
0.021677017211914062
0.027613162994384766
0.06520605087280273
0.047722816467285156
0.05617809295654297
0.05389285087585449
0.0401611328125
0.04865598678588867
0.04874396324157715
0.04599189758300781
0.028925180435180664
0.05754494667053223
0.05086493492126465
0.03971290588378906
0.024448871612548828
0.03617095947265625
0.023231983184814453
0.02341318130493164
0.05318617820739746
0.038034915924072266
0.050477027893066406
0.039901018142700195
0.023500919342041016
0.038236141204833984
0.050868988037109375
0.03532981872558594
0.03840303421020508
0.03722095489501953
0.059036970138549805
0.04317903518676758
0.02256321907043457
0.050987958908081055
0.03226208686828613
0.048837900161743164
0.04926109313964844
0.03617286682128906
0.04973483085632324
0.05712699890136719
0.04152202606201172
0.016698122024536133
0.02829599380493164
0.01838397979736328
0.03801298141479492
0.04157400131225586
0.04549098014831543
0.0417790412902832
0.029538869857788086
0.029935836791992188
0.0527958869934082
0.03375387191772461
0.06740713119506836
0.055101871490478516
0.03203606605529785
0.024970054626464844
0.0551609992980957
0.0341949462890625
0.03961491584777832
0.03492116928100586
0.053520917892456055
0.0378570556640625
0.0404660701751709
0.029786109924316406
0.028208017349243164
0.03787398338317871
0.03505396842956543
0.010406017303466797
0.032982826232910156
0.05192899703979492
0.04014182090759277
0.0406041145324707
0.06734013557434082
0.04262399673461914
0.03930211067199707
0.030391931533813477
0.02741408348083496
0.031237125396728516
0.045356035232543945
0.06993794441223145
0.04988813400268555
0.05126690864562988
0.043824195861816406
0.014568805694580078
0.05227804183959961
0.05439114570617676
0.053366899490356445
0.0164639949798584
0.011596918106079102
0.028461933135986328
0.022817134857177734
0.02151799201965332
0.054518938064575195
0.02932000160217285
0.04543495178222656
0.04876399040222168
0.012990951538085938
0.035392045974731445
0.04056406021118164
0.02842998504638672
0.04657697677612305
0.04485201835632324
0.035987138748168945
0.05533909797668457
0.07099008560180664
0.03345012664794922
0.032588958740234375
0.054986000061035156
0.010123014450073242
0.039156198501586914
0.023580074310302734
0.04019498825073242
0.015556097030639648
0.049043893814086914
0.05017495155334473
0.0507509708404541
0.05309319496154785
0.03780698776245117
0.04914689064025879
0.02077484130859375
0.023365020751953125
0.049163103103637695
0.05439496040344238
0.05604195594787598
0.034150123596191406
0.057121992111206055
0.032301902770996094
0.04830598831176758
0.051490068435668945
0.036158084869384766
0.022868871688842773
0.022603988647460938
0.05114603042602539
0.047821044921875
0.011811971664428711
0.055593013763427734
0.033975839614868164
0.05356001853942871
0.023328065872192383
0.05507016181945801
0.05304694175720215
0.04022693634033203
0.060791015625
0.03618788719177246
0.022871017456054688
0.05365109443664551
0.03990006446838379
0.03661608695983887
0.028721094131469727
0.055333852767944336
0.04403209686279297
0.02328801155090332
0.016369104385375977
0.03228116035461426
0.038928985595703125
0.044107913970947266
0.036756038665771484
0.03380703926086426
0.04171299934387207
0.016329050064086914
0.030920028686523438
0.038043975830078125
0.02750110626220703
0.03570103645324707
0.06601500511169434
0.02320408821105957
0.038591861724853516
0.04325413703918457
0.0455169677734375
0.014654874801635742
0.030167102813720703
0.0698099136352539
0.02359914779663086
0.04200482368469238
0.031297922134399414
0.039585113525390625
0.05253720283508301
0.02745985984802246
0.06771707534790039
0.053514957427978516
0.021070003509521484
0.053164005279541016
0.03265500068664551
0.053726911544799805
0.049720048904418945
0.01668095588684082
0.02227306365966797
0.05034184455871582
0.04909706115722656
0.05317401885986328
0.0309600830078125
0.04700589179992676
0.03070807456970215
0.024657011032104492
0.024431943893432617
0.032135009765625
0.019892215728759766
0.01270294189453125
0.030025959014892578
0.02921891212463379
0.013358116149902344
0.021770954132080078
0.04556703567504883
0.027280807495117188
0.05094504356384277
0.011018037796020508
0.02993607521057129
0.0431058406829834
0.023932933807373047
0.05364990234375
0.01643204689025879
0.034509897232055664
0.038316965103149414
0.03807401657104492
0.03161883354187012
0.04191899299621582
0.03825187683105469
0.031105995178222656
0.03478217124938965
0.04676985740661621
0.030385971069335938
0.04395699501037598
0.04891705513000488
0.04416680335998535
0.06219005584716797
0.06109499931335449
0.016410112380981445
0.030035018920898438
0.05309486389160156
0.027474164962768555
0.024364948272705078
0.03227090835571289
0.03166604042053223
0.02406907081604004
0.030684947967529297
0.03187203407287598
0.03770112991333008
0.024992942810058594
0.03093886375427246
0.010647058486938477
0.042572975158691406
0.037145137786865234
0.03328704833984375
0.05162787437438965
0.02570486068725586
0.01959681510925293
0.02915501594543457
0.02453780174255371
0.02733588218688965
0.04294896125793457
0.03847479820251465
0.016247034072875977
0.03502798080444336
0.059092044830322266
0.037760019302368164
0.028757095336914062
0.0263669490814209
0.04420304298400879
0.04095602035522461
0.04042315483093262
0.010119915008544922
0.030691146850585938
0.04743790626525879
0.026050806045532227
0.02898097038269043
0.052761077880859375
0.046617984771728516
0.017355918884277344
0.04878091812133789
0.02478504180908203
0.04585409164428711
0.051422119140625
0.041155099868774414
0.059094905853271484
0.040364980697631836
0.019981861114501953
0.022814035415649414
0.051522016525268555
0.06084299087524414
0.027122020721435547
0.05715513229370117
0.05810189247131348
0.05366706848144531
0.05401802062988281
0.029455184936523438
0.01653909683227539
0.058062076568603516
0.03168797492980957
0.053182125091552734
0.0333859920501709
0.040437936782836914
0.04657292366027832
0.05942511558532715
0.05716991424560547
0.056015968322753906
0.049439191818237305
0.06180214881896973
0.04508495330810547
0.03963112831115723
0.04183697700500488
0.05330085754394531
0.02037501335144043
0.020542144775390625
0.04081320762634277
0.04904508590698242
0.035215139389038086
0.040817975997924805
0.057064056396484375
0.04080796241760254
0.03459000587463379
0.04158520698547363
0.041029930114746094
0.041036128997802734
0.06960892677307129
0.055822134017944336
0.02698802947998047
0.037201881408691406
0.033402204513549805
0.027740955352783203
0.03691983222961426
0.03017401695251465
0.07095885276794434
0.03932809829711914
0.0731041431427002
0.045851945877075195
0.061556100845336914
0.027575016021728516
0.03965878486633301
0.016021013259887695
0.059123992919921875
0.03559613227844238
0.04474997520446777
0.06635713577270508
0.0503230094909668
0.040986061096191406
0.053131818771362305
0.03793907165527344
0.04405808448791504
0.04886507987976074
0.039639949798583984
0.04646587371826172
0.03515291213989258
0.014863967895507812
0.03208613395690918
0.021826982498168945
0.036607980728149414
0.03604912757873535
0.03467893600463867
0.023373126983642578
0.03836202621459961
0.028636932373046875
0.04113006591796875
0.041806936264038086
0.03822207450866699
0.026952028274536133
0.046096086502075195
0.042318105697631836
0.036576032638549805
0.05755305290222168
0.03575897216796875
0.01800990104675293
0.045842885971069336
0.03556203842163086
0.03385615348815918
0.018691062927246094
0.048992156982421875
0.028911113739013672
0.05339193344116211
0.042593955993652344
0.05498695373535156
0.04904794692993164
0.05388307571411133
0.04868197441101074
0.057672977447509766
0.04971814155578613
0.04475998878479004
0.05335807800292969
0.022691965103149414
0.018581867218017578
0.05799221992492676
0.04853487014770508
0.03664684295654297
0.018414974212646484
0.02682805061340332
0.014825105667114258
0.05575203895568848
0.05167889595031738
0.055728912353515625
0.06333184242248535
0.04290509223937988
0.022027969360351562
0.05243706703186035
0.05090212821960449
0.05530095100402832
0.04391908645629883
0.012547969818115234
0.05693697929382324
0.04186415672302246
0.05482602119445801
0.05795097351074219
0.03147315979003906
0.02323007583618164
0.03766202926635742
0.010504961013793945
0.0269320011138916
0.030144929885864258
0.013378143310546875
0.03347301483154297
0.023614883422851562
0.0282289981842041
