0.05794501304626465
0.020622968673706055
0.0504000186920166
0.0302121639251709
0.030824899673461914
0.05173206329345703
0.04728817939758301
0.04544401168823242
0.010921955108642578
0.03954887390136719
0.05483078956604004
0.04707789421081543
0.047385215759277344
0.044751882553100586
0.05339193344116211
0.013369083404541016
0.05240797996520996
0.04890584945678711
0.03764700889587402
0.051177978515625
0.014098882675170898
0.051872968673706055
0.0542449951171875
0.03630399703979492
0.057890892028808594
0.04805707931518555
0.04781794548034668
0.04581809043884277
0.04380297660827637
0.01682305335998535
0.05347108840942383
0.0436708927154541
0.049816131591796875
0.042135000228881836
0.03819990158081055
0.03795003890991211
0.012705802917480469
0.04216504096984863
0.047762155532836914
0.027577877044677734
0.021398067474365234
0.041429996490478516
0.056231021881103516
0.033403873443603516
0.014930963516235352
0.05520296096801758
0.03963589668273926
0.026075124740600586
0.029356002807617188
0.0356290340423584
0.017832040786743164
0.04445600509643555
0.05666208267211914
0.07186603546142578
0.05374908447265625
0.028939008712768555
0.020867109298706055
0.023077964782714844
0.03203701972961426
0.01551508903503418
0.028290987014770508
0.05409598350524902
0.029854774475097656
0.05299687385559082
0.6781690120697021
0.05153489112854004
0.05744600296020508
0.04462695121765137
0.036859989166259766
0.04177093505859375
0.040505170822143555
0.0175321102142334
0.032087087631225586
0.05148601531982422
0.036720991134643555
0.036437034606933594
0.036154985427856445
0.04930996894836426
0.04150891304016113
0.056939125061035156
0.0556950569152832
0.04742789268493652
0.02062511444091797
0.054196834564208984
0.045597076416015625
0.06548309326171875
0.0484621524810791
0.04153609275817871
0.029551982879638672
0.05675506591796875
0.01687908172607422
0.02393507957458496
0.0507810115814209
0.014642000198364258
0.04612302780151367
0.024514198303222656
0.061247825622558594
0.03242301940917969
0.04919910430908203
0.037322998046875
0.0429539680480957
0.041127920150756836
0.0342409610748291
0.02785801887512207
0.020678043365478516
0.03215599060058594
0.05293393135070801
0.05354714393615723
0.0535888671875
0.034770965576171875
0.05494213104248047
0.030003070831298828
0.011539936065673828
0.0263669490814209
0.029835939407348633
0.024908065795898438
0.04642295837402344
0.04324507713317871
0.037184953689575195
0.04934096336364746
0.0348668098449707
0.05394697189331055
0.023648977279663086
0.05126810073852539
0.031047821044921875
0.06301498413085938
0.042814016342163086
0.05443286895751953
0.02470111846923828
0.04873394966125488
0.04490303993225098
0.053117990493774414
0.050353050231933594
0.019606828689575195
0.014725208282470703
0.03512716293334961
0.045213937759399414
0.033785104751586914
0.04568791389465332
0.011240005493164062
0.028139829635620117
0.05552101135253906
0.06202387809753418
0.04900002479553223
0.03489089012145996
0.04272794723510742
0.037233829498291016
0.06314992904663086
0.07285404205322266
0.0544891357421875
0.04609084129333496
0.03124380111694336
0.04601287841796875
0.027048110961914062
0.014210939407348633
0.028829097747802734
0.04203510284423828
0.019962072372436523
0.050843000411987305
0.029881954193115234
0.022542953491210938
0.02801990509033203
0.02156805992126465
0.04970097541809082
0.05424213409423828
0.050514936447143555
0.0162050724029541
0.01963496208190918
0.02426600456237793
0.04124093055725098
0.05510306358337402
0.014838933944702148
0.016084909439086914
0.018543004989624023
0.04952192306518555
0.05116677284240723
0.02061605453491211
0.05712294578552246
0.03486299514770508
0.058053016662597656
0.024327993392944336
0.020470857620239258
0.035347938537597656
0.049794912338256836
0.028079986572265625
0.03957009315490723
0.022253036499023438
0.02215719223022461
0.05228996276855469
0.03041982650756836
0.04371213912963867
0.013971805572509766
0.019306182861328125
0.028623104095458984
0.03921985626220703
0.035806894302368164
0.032421112060546875
0.057038068771362305
0.04639601707458496
0.01905202865600586
0.021748065948486328
0.029838085174560547
0.044200897216796875
0.01833319664001465
0.015733957290649414
0.05387306213378906
0.04935312271118164
0.0449070930480957
0.028647184371948242
0.04385495185852051
0.0534210205078125
0.02382683753967285
0.022284984588623047
0.04022789001464844
0.053646087646484375
0.03249692916870117
0.04386711120605469
0.05530905723571777
0.04741811752319336
0.0482478141784668
0.04180407524108887
0.03097391128540039
0.04206085205078125
0.05323290824890137
0.03372693061828613
0.030115842819213867
0.05153918266296387
0.06031298637390137
0.03288912773132324
0.033325910568237305
0.05364394187927246
0.034623146057128906
0.04042983055114746
0.03495502471923828
0.04023599624633789
0.04228997230529785
0.06100296974182129
0.02079296112060547
0.04395294189453125
0.012164115905761719
0.034570932388305664
0.04546999931335449
0.07337188720703125
0.0473179817199707
0.04523301124572754
0.05747413635253906
0.030833959579467773
0.01821112632751465
0.029326915740966797
0.034646034240722656
0.033377885818481445
0.023807048797607422
0.05050802230834961
0.01910686492919922
0.014480113983154297
0.05156278610229492
0.03043818473815918
0.05856585502624512
0.04159283638000488
0.015544891357421875
0.04748702049255371
0.05913400650024414
0.0600130558013916
0.035711050033569336
0.040170907974243164
0.03434896469116211
0.025297164916992188
0.025410890579223633
0.01838088035583496
0.024576902389526367
0.03995513916015625
0.022341012954711914
0.029975175857543945
0.032334089279174805
0.03370499610900879
0.05439901351928711
0.03167891502380371
0.06083202362060547
0.05725717544555664
0.05353498458862305
0.04565286636352539
0.05247187614440918
0.015111207962036133
0.053492069244384766
0.06495118141174316
0.043028831481933594
0.03148984909057617
0.04282379150390625
0.04514193534851074
0.04793715476989746
0.05409693717956543
0.057454824447631836
0.031738996505737305
0.048577070236206055
0.047348976135253906
0.04361605644226074
0.01223897933959961
0.03265690803527832
0.05059194564819336
0.039605140686035156
0.06176280975341797
0.06116795539855957
0.05300617218017578
0.030091047286987305
0.02587604522705078
0.03569912910461426
0.041071176528930664
0.05827498435974121
0.06359195709228516
0.028248071670532227
0.054013967514038086
0.04176497459411621
0.043714046478271484
0.03485894203186035
0.0235748291015625
0.01635909080505371
0.055635929107666016
0.05354785919189453
0.04223895072937012
0.011837005615234375
0.024950027465820312
0.04035305976867676
0.016288042068481445
0.016141176223754883
0.04174399375915527
0.04129195213317871
0.04198718070983887
0.05062389373779297
0.028918027877807617
0.04982709884643555
0.04553413391113281
0.009790897369384766
0.013901948928833008
0.04401516914367676
0.06775903701782227
0.04950380325317383
0.05404305458068848
0.01959681510925293
0.04443502426147461
0.038424015045166016
0.03695082664489746
0.03848600387573242
0.04932999610900879
0.053817033767700195
0.04214787483215332
0.03851795196533203
0.028410911560058594
0.03680086135864258
0.018976926803588867
0.05146503448486328
0.039288997650146484
0.02264404296875
0.04393601417541504
0.03999209403991699
0.04012107849121094
0.0459599494934082
0.027431964874267578
0.01835489273071289
0.009289026260375977
0.015835046768188477
0.04269695281982422
0.04021096229553223
0.027074098587036133
0.06885695457458496
0.03129100799560547
0.04489493370056152
0.07419800758361816
0.0501708984375
0.019585847854614258
0.039541006088256836
0.05100607872009277
0.049501895904541016
0.032510995864868164
0.03415703773498535
0.013549089431762695
0.050933837890625
0.04389691352844238
0.03328585624694824
0.048004150390625
0.012031078338623047
0.04481005668640137
0.040318965911865234
0.02051401138305664
0.04961109161376953
0.041224002838134766
0.06377696990966797
0.043940067291259766
0.025986909866333008
0.05442500114440918
0.0599520206451416
0.02295398712158203
0.03172898292541504
0.015609979629516602
0.0506739616394043
0.05396389961242676
0.0448307991027832
0.030030012130737305
0.015945911407470703
0.022543907165527344
0.016093969345092773
0.03949785232543945
0.04349017143249512
0.04949212074279785
0.04112696647644043
0.04201197624206543
0.021543025970458984
0.028203964233398438
0.01394510269165039
0.045659780502319336
0.043580055236816406
0.04927706718444824
0.023272037506103516
0.04015183448791504
0.05691981315612793
0.05892801284790039
0.040611982345581055
0.05327916145324707
0.04790091514587402
0.026156902313232422
0.053700923919677734
0.031915903091430664
0.05712103843688965
0.04278397560119629
0.055084943771362305
0.0568850040435791
0.04161190986633301
0.02380514144897461
0.03461790084838867
0.030520915985107422
0.0473630428314209
0.0350039005279541
0.047740936279296875
0.02820301055908203
0.041834115982055664
0.046098947525024414
0.048220157623291016
0.0378870964050293
0.02250194549560547
0.018233060836791992
0.02405714988708496
0.0545201301574707
0.04971480369567871
0.03183698654174805
0.04087495803833008
0.04520606994628906
0.0514068603515625
0.05366802215576172
0.04094696044921875
0.0194399356842041
0.029241085052490234
0.03217911720275879
0.04960894584655762
0.03376913070678711
0.04576420783996582
0.040287017822265625
0.0492861270904541
0.06113409996032715
0.047834157943725586
0.021417856216430664
0.04744601249694824
0.015275955200195312
0.04916095733642578
0.048873186111450195
0.057557106018066406
0.03921985626220703
0.05270504951477051
0.01359701156616211
0.05060410499572754
0.04300189018249512
0.030206918716430664
0.024302005767822266
0.045625925064086914
0.028380155563354492
0.03001999855041504
0.04488205909729004
0.0455470085144043
0.06535100936889648
0.045599937438964844
0.044036149978637695
0.04732489585876465
0.03671908378601074
0.03715801239013672
0.015627145767211914
0.06126213073730469
0.03051304817199707
0.051492929458618164
0.02669501304626465
0.013829946517944336
0.02836894989013672
0.021845102310180664
0.048338890075683594
0.04544496536254883
0.07709097862243652
0.05587005615234375
0.018841981887817383
0.04754900932312012
0.01368403434753418
0.02831411361694336
0.040383100509643555
0.03623700141906738
0.022305011749267578
0.017787933349609375
0.04281020164489746
0.04510998725891113
0.02142786979675293
0.017874956130981445
0.06307315826416016
0.05715799331665039
0.047019004821777344
0.05688905715942383
0.05531716346740723
0.0470118522644043
0.022673845291137695
0.0243380069732666
0.021997928619384766
0.03487110137939453
0.04964017868041992
0.028322935104370117
0.02055191993713379
0.03987312316894531
0.050271034240722656
0.053698062896728516
0.04669690132141113
0.042864084243774414
0.023611068725585938
0.022040128707885742
0.05855298042297363
0.0396881103515625
0.04113578796386719
0.04219198226928711
0.04803895950317383
0.05598711967468262
0.045308828353881836
0.020078182220458984
0.014619112014770508
0.05669403076171875
0.06924700736999512
0.02254796028137207
0.0367279052734375
0.06512093544006348
0.03699493408203125
0.027855873107910156
0.023619890213012695
0.03997492790222168
0.01524209976196289
0.02105998992919922
0.031746864318847656
0.02707505226135254
0.026456832885742188
0.05048799514770508
0.04703187942504883
0.03375411033630371
0.051007986068725586
0.032430171966552734
0.040506839752197266
0.03973984718322754
0.03930997848510742
0.04600214958190918
0.03462505340576172
0.03804492950439453
0.04650282859802246
0.030910015106201172
0.01784992218017578
0.04770684242248535
0.057884931564331055
0.0294950008392334
0.046061038970947266
0.03269195556640625
0.052973031997680664
0.03820610046386719
0.040296077728271484
0.0419459342956543
0.03001999855041504
0.04038715362548828
0.018878936767578125
0.059084177017211914
0.0159759521484375
0.050163984298706055
0.04364299774169922
0.025528907775878906
0.03254890441894531
0.05338883399963379
0.03583121299743652
0.020183801651000977
0.023498058319091797
0.04035496711730957
0.05492401123046875
0.044064998626708984
0.0187530517578125
0.03050518035888672
0.024665117263793945
0.04724407196044922
0.016556978225708008
0.024635791778564453
0.03615617752075195
0.06560206413269043
0.037637948989868164
0.04196906089782715
0.041886091232299805
0.02435612678527832
