0.04951786994934082
0.013872861862182617
0.01999497413635254
0.01092219352722168
0.03343391418457031
0.035128116607666016
0.05710601806640625
0.04555916786193848
0.03495001792907715
0.05576515197753906
0.06307101249694824
0.046319007873535156
0.019437074661254883
0.03577303886413574
0.0458219051361084
0.02676701545715332
0.039420127868652344
0.047662973403930664
0.023244857788085938
0.050286054611206055
0.029591083526611328
0.062027931213378906
0.02303481101989746
0.03838706016540527
0.05841493606567383
0.04067802429199219
0.04983186721801758
0.05105304718017578
0.03338217735290527
0.05719590187072754
0.052156925201416016
0.044114112854003906
0.051863908767700195
0.024422168731689453
0.05107307434082031
0.019836902618408203
0.05015993118286133
0.06710290908813477
0.014042139053344727
0.036242008209228516
0.023598194122314453
0.028134822845458984
0.025936126708984375
0.02684783935546875
0.028457164764404297
0.010162115097045898
0.04661989212036133
0.048367977142333984
0.024441003799438477
0.0656280517578125
0.03630208969116211
0.03432297706604004
0.03125810623168945
0.025593042373657227
0.018230199813842773
0.03295588493347168
0.02851700782775879
0.048989057540893555
0.04753398895263672
0.02858710289001465
0.0471949577331543
0.017604827880859375
0.03193998336791992
0.02119898796081543
0.013535022735595703
0.04856991767883301
0.054049015045166016
0.029953956604003906
0.04309701919555664
0.018533945083618164
0.05391693115234375
0.020437955856323242
0.05067300796508789
0.03477215766906738
0.021791934967041016
0.0490419864654541
0.03687000274658203
0.043467044830322266
0.01891303062438965
0.05279183387756348
0.03935694694519043
0.027757883071899414
0.05228614807128906
0.04939007759094238
0.02447795867919922
0.03571200370788574
0.05521798133850098
0.05223202705383301
0.022402048110961914
0.019340038299560547
0.03172612190246582
0.022574901580810547
0.036025047302246094
0.07142806053161621
0.05150198936462402
0.02755117416381836
0.04619717597961426
0.036917924880981445
0.05106687545776367
0.04313302040100098
0.04943084716796875
0.024711132049560547
0.025816917419433594
0.04901599884033203
0.03161001205444336
0.046417951583862305
0.03386402130126953
0.026246070861816406
0.04474806785583496
0.023481130599975586
0.02177715301513672
0.025831937789916992
0.05386996269226074
0.05732417106628418
0.011240959167480469
0.052369117736816406
0.042790889739990234
0.06761002540588379
0.02958393096923828
0.02838587760925293
0.04666399955749512
0.04552602767944336
0.027972936630249023
0.05367088317871094
0.017818927764892578
0.02316594123840332
0.03005194664001465
0.039958953857421875
0.043977975845336914
0.028512954711914062
0.024755001068115234
0.03570079803466797
0.03756403923034668
0.030771970748901367
0.01487588882446289
0.06029987335205078
0.02979111671447754
0.04156017303466797
0.035372018814086914
0.059155941009521484
0.05878186225891113
0.03144192695617676
0.026241064071655273
0.02687692642211914
0.04743003845214844
0.026235103607177734
0.034232139587402344
0.03789806365966797
0.0394589900970459
0.035742998123168945
0.04242706298828125
0.03844714164733887
0.04108905792236328
0.03095698356628418
0.03330206871032715
0.02051687240600586
0.037492990493774414
0.022834062576293945
0.026467084884643555
0.03110504150390625
0.04516100883483887
0.04038715362548828
0.07292318344116211
0.026144027709960938
0.03876495361328125
0.05333399772644043
0.034368038177490234
0.03242301940917969
0.054839134216308594
0.03993988037109375
0.008586883544921875
0.04187798500061035
0.019449949264526367
0.012274026870727539
0.04804801940917969
0.026141881942749023
0.02205204963684082
0.05861496925354004
0.03506612777709961
0.04518890380859375
0.014613151550292969
0.02631402015686035
0.032768964767456055
0.036360979080200195
0.0365140438079834
0.03240489959716797
0.045432090759277344
0.03215599060058594
0.023639917373657227
0.06114697456359863
0.040232181549072266
0.028406858444213867
0.05684995651245117
0.010403156280517578
0.05986905097961426
0.04564213752746582
0.049310922622680664
0.01985788345336914
0.04159402847290039
0.032190799713134766
0.04700112342834473
0.04107213020324707
0.02638697624206543
0.024906158447265625
0.029977798461914062
0.032013893127441406
0.04622697830200195
0.049630165100097656
0.035752058029174805
0.03738117218017578
0.04357099533081055
0.0164949893951416
0.019130945205688477
0.055236101150512695
0.04156494140625
0.04141998291015625
0.015816926956176758
0.04650712013244629
0.0481870174407959
0.03771400451660156
0.037020206451416016
0.050630807876586914
0.013628005981445312
0.04811406135559082
0.018567800521850586
0.03300595283508301
0.04917788505554199
0.035665035247802734
0.05909395217895508
0.047905921936035156
0.04205894470214844
0.0491030216217041
0.05739784240722656
0.05210399627685547
0.05252408981323242
0.014107942581176758
0.05319094657897949
0.01601409912109375
0.014280080795288086
0.057161808013916016
0.05185818672180176
0.03339409828186035
0.04363393783569336
0.022459030151367188
0.01644110679626465
0.0356450080871582
0.03735780715942383
0.04827094078063965
0.048027992248535156
0.036295175552368164
0.020967960357666016
0.023247957229614258
0.017562150955200195
0.04931783676147461
0.03048396110534668
0.03545403480529785
0.014696836471557617
0.04908895492553711
0.05389595031738281
0.029057979583740234
0.04105496406555176
0.0535130500793457
0.015347957611083984
0.050099849700927734
0.02047419548034668
0.061456918716430664
0.02477884292602539
0.0550389289855957
0.048707008361816406
0.05349898338317871
0.023815155029296875
0.03135490417480469
0.05790901184082031
0.04906511306762695
0.049388885498046875
0.044850826263427734
0.04734396934509277
0.025137901306152344
0.046411991119384766
0.05346488952636719
0.03131985664367676
0.025740861892700195
0.06112098693847656
0.046584129333496094
0.03299403190612793
0.04098916053771973
0.027420997619628906
0.0619969367980957
0.04921388626098633
0.022472858428955078
0.04688405990600586
0.03501296043395996
0.048933982849121094
0.0351409912109375
0.04122185707092285
0.023940086364746094
0.030539989471435547
0.03668522834777832
0.03313183784484863
0.02425098419189453
0.041271209716796875
0.04999208450317383
0.05188417434692383
0.03953099250793457
0.034538984298706055
0.04027199745178223
0.03743886947631836
0.02657604217529297
0.04938697814941406
0.04086613655090332
0.060549020767211914
0.049134016036987305
0.027920007705688477
0.020509004592895508
0.03701186180114746
0.04444313049316406
0.042636871337890625
0.028280973434448242
0.02340984344482422
0.06548690795898438
0.056757211685180664
0.02311992645263672
0.049623966217041016
0.0414278507232666
0.047968149185180664
0.02718806266784668
0.03546714782714844
0.03185915946960449
0.019629955291748047
0.005930900573730469
0.02735304832458496
0.014140129089355469
0.05980086326599121
0.02250218391418457
0.031066179275512695
0.04280519485473633
0.029812097549438477
0.042037010192871094
0.029060840606689453
0.030267000198364258
0.05031299591064453
0.04554390907287598
0.028137922286987305
0.05010700225830078
0.06567192077636719
0.04332304000854492
0.028364896774291992
0.016646146774291992
0.038125038146972656
0.047467947006225586
0.027385950088500977
0.021943092346191406
0.04760098457336426
0.03876495361328125
0.034677982330322266
0.044773101806640625
0.024647951126098633
0.04578590393066406
0.06081795692443848
0.032423973083496094
0.0479428768157959
0.009782075881958008
0.05347299575805664
0.03471207618713379
0.053444862365722656
0.041496992111206055
0.02657794952392578
0.02065896987915039
0.02986001968383789
0.04308819770812988
0.0345001220703125
0.034124135971069336
0.03518986701965332
0.017941951751708984
0.02943706512451172
0.03932595252990723
0.049128055572509766
0.030849933624267578
0.01341104507446289
0.045641183853149414
0.022593021392822266
0.04735207557678223
0.032427072525024414
0.037223100662231445
0.05630803108215332
0.051789045333862305
0.04489016532897949
0.048291921615600586
0.04783892631530762
0.040791988372802734
0.02956104278564453
0.05001115798950195
0.023467063903808594
0.04091000556945801
0.020689964294433594
0.013791084289550781
0.022227048873901367
0.04717111587524414
0.04312705993652344
0.05352497100830078
0.0378570556640625
0.04968905448913574
0.048207998275756836
0.04451799392700195
0.07132196426391602
0.05243396759033203
0.040618896484375
0.03499794006347656
0.01202082633972168
0.05410504341125488
0.030050992965698242
0.05651998519897461
0.014731168746948242
0.054659128189086914
0.014203071594238281
0.03130817413330078
0.046473026275634766
0.04798102378845215
0.0307619571685791
0.020315885543823242
0.04531502723693848
0.033963918685913086
0.04464602470397949
0.047276973724365234
0.039549827575683594
0.030055999755859375
0.03461503982543945
0.042368173599243164
0.043634891510009766
0.021770954132080078
0.019913911819458008
0.06440997123718262
0.029296875
0.024361848831176758
0.03538107872009277
0.030586957931518555
0.0792381763458252
0.024717092514038086
0.03989887237548828
0.0431821346282959
0.03443288803100586
0.031180143356323242
0.05972099304199219
0.015037059783935547
0.04651308059692383
0.04918217658996582
0.01214599609375
0.0407109260559082
0.02906012535095215
0.04557013511657715
0.017340898513793945
0.020730018615722656
0.053292036056518555
0.04517006874084473
0.02648305892944336
0.05491805076599121
0.01037287712097168
0.024278879165649414
0.05286216735839844
0.03802680969238281
0.05285501480102539
0.02264094352722168
0.040988922119140625
0.03394293785095215
0.01682591438293457
0.053813934326171875
0.03779292106628418
0.04052400588989258
0.061987876892089844
0.028604984283447266
0.022240161895751953
0.04915595054626465
0.057173967361450195
0.019585132598876953
0.02531909942626953
0.02295088768005371
0.05819988250732422
0.03169107437133789
0.05486297607421875
0.05271792411804199
0.04951000213623047
0.02246379852294922
0.037613868713378906
0.02922797203063965
0.019568920135498047
0.03805088996887207
0.023061037063598633
0.04639101028442383
0.05248212814331055
0.04443717002868652
0.03324294090270996
0.024367094039916992
0.05378103256225586
0.028695106506347656
0.04965996742248535
0.05124092102050781
0.020982027053833008
0.02129507064819336
0.03302717208862305
0.039956092834472656
0.05009889602661133
0.04400491714477539
0.03881382942199707
0.04913496971130371
0.016600847244262695
0.02483820915222168
0.026057958602905273
0.055647850036621094
0.03638911247253418
0.03370809555053711
0.04024314880371094
0.039530038833618164
0.0309908390045166
0.0453341007232666
0.039775848388671875
0.020655155181884766
0.0364689826965332
0.017757892608642578
0.06748604774475098
0.045484066009521484
0.07546091079711914
0.019802093505859375
0.05454206466674805
0.05502009391784668
0.01660895347595215
0.04013204574584961
0.0528559684753418
0.05679798126220703
0.02308797836303711
0.02339482307434082
0.059747934341430664
0.04970288276672363
0.04253506660461426
0.03913092613220215
0.029905080795288086
0.030949831008911133
0.01542210578918457
0.04838895797729492
0.04949784278869629
0.0364229679107666
0.031134843826293945
0.06518697738647461
0.040093183517456055
0.053601980209350586
0.04476499557495117
0.02987504005432129
0.016144990921020508
0.01715087890625
0.05701613426208496
0.011859893798828125
0.03030705451965332
0.033843040466308594
0.04532003402709961
0.014519214630126953
0.053852081298828125
0.023899078369140625
0.04563188552856445
0.02021193504333496
0.03054499626159668
0.052243947982788086
0.02831292152404785
0.02414393424987793
0.01866006851196289
0.047419071197509766
0.04896807670593262
0.02598094940185547
0.04227280616760254
0.017048120498657227
0.02356100082397461
0.010615110397338867
0.025846004486083984
0.04366707801818848
0.04044795036315918
0.04573988914489746
0.03050708770751953
0.045124053955078125
0.04133009910583496
0.013356924057006836
0.04163813591003418
0.028053998947143555
0.021611928939819336
0.048764944076538086
0.03956294059753418
0.010679960250854492
0.05525994300842285
0.07151103019714355
0.05080890655517578
0.021118879318237305
0.04050588607788086
0.012732982635498047
0.0416109561920166
0.03407096862792969
0.03801107406616211
0.02840399742126465
0.03928399085998535
0.016314029693603516
0.04311203956604004
0.058812856674194336
0.039723873138427734
0.030961036682128906
