0.06026196479797363
0.03547096252441406
0.04727005958557129
0.047987937927246094
0.02216506004333496
0.02980804443359375
0.0456540584564209
0.05496692657470703
0.05491995811462402
0.0345759391784668
0.05714106559753418
0.04143214225769043
0.04801297187805176
0.022613048553466797
0.03155088424682617
0.013138055801391602
0.043322086334228516
0.01814723014831543
0.02021503448486328
0.03092193603515625
0.021409034729003906
0.02020883560180664
0.020598173141479492
0.06827211380004883
0.04664802551269531
0.044989824295043945
0.04958200454711914
0.03552508354187012
0.05437207221984863
0.04419398307800293
0.047276973724365234
0.015311002731323242
0.04601407051086426
0.03545212745666504
0.035989999771118164
0.05299997329711914
0.021515846252441406
0.011070966720581055
0.023118972778320312
0.04470705986022949
0.020075082778930664
0.047586917877197266
0.03333306312561035
0.034713029861450195
0.05346798896789551
0.03646588325500488
0.022210121154785156
0.04513907432556152
0.04734015464782715
0.024305105209350586
0.05290508270263672
0.010790109634399414
0.05182790756225586
0.0554201602935791
0.04227900505065918
0.05292987823486328
0.030032873153686523
0.07793688774108887
0.02838301658630371
0.03399991989135742
0.04460597038269043
0.05208992958068848
0.023157835006713867
0.05624985694885254
0.01054692268371582
0.03556990623474121
0.08111000061035156
0.03262615203857422
0.023753881454467773
0.05485415458679199
0.016627788543701172
0.03784608840942383
0.026227951049804688
0.030156850814819336
0.020051956176757812
0.041200876235961914
0.05424094200134277
0.03766798973083496
0.018870115280151367
0.015674829483032227
0.045928955078125
0.04845404624938965
0.030956029891967773
0.03113698959350586
0.03332877159118652
0.049031972885131836
0.014193058013916016
0.031430959701538086
0.054013967514038086
0.03780388832092285
0.04665017127990723
0.04522705078125
0.021310806274414062
0.0457761287689209
0.033236026763916016
0.034536123275756836
0.03021979331970215
0.027604103088378906
0.02988290786743164
0.0543978214263916
0.044827938079833984
0.028289079666137695
0.04690098762512207
0.05001497268676758
0.06523585319519043
0.03131699562072754
0.0520939826965332
0.0439610481262207
0.026313066482543945
0.027446985244750977
0.034204959869384766
0.06102705001831055
0.03862404823303223
0.03471088409423828
0.0351099967956543
0.04729914665222168
0.06137895584106445
0.014520883560180664
0.0546419620513916
0.02383899688720703
0.05771207809448242
0.042572975158691406
0.029603958129882812
0.052839040756225586
0.048211097717285156
0.04969477653503418
0.052951812744140625
0.051735877990722656
0.03218817710876465
0.013392925262451172
0.03684115409851074
0.05073881149291992
0.0274810791015625
0.015321016311645508
0.05127406120300293
0.04334211349487305
0.03474998474121094
0.0106201171875
0.05257987976074219
0.010745048522949219
0.031223058700561523
0.016087055206298828
0.04510092735290527
0.01999807357788086
0.0239870548248291
0.0731050968170166
0.031382083892822266
0.03971695899963379
0.03147602081298828
0.04043292999267578
0.030666112899780273
0.031767845153808594
0.027241945266723633
0.027978897094726562
0.044278860092163086
0.00834202766418457
0.010679006576538086
0.042775869369506836
0.03892993927001953
0.04558706283569336
0.055960893630981445
0.03344893455505371
0.04500007629394531
0.05290389060974121
0.038867950439453125
0.03891396522521973
0.03379392623901367
0.029989004135131836
0.05668497085571289
0.034777164459228516
0.04603004455566406
0.029300928115844727
0.026751041412353516
0.0314631462097168
0.04391002655029297
0.046875953674316406
0.048629045486450195
0.02173590660095215
0.029101133346557617
0.049780845642089844
0.03389906883239746
0.04489302635192871
0.03969311714172363
0.03903913497924805
0.04349398612976074
0.05077505111694336
0.012161016464233398
0.0343019962310791
0.046079158782958984
0.04040193557739258
0.041036128997802734
0.023452043533325195
0.058116912841796875
0.019711017608642578
0.0455780029296875
0.016633987426757812
0.029371023178100586
0.053360939025878906
0.07718110084533691
0.006631135940551758
0.037043094635009766
0.023568153381347656
0.017238140106201172
0.015842914581298828
0.031320810317993164
0.03428196907043457
0.053981781005859375
0.03466296195983887
0.06545495986938477
0.04830002784729004
0.04749703407287598
0.035616159439086914
0.03604316711425781
0.018224000930786133
0.04676198959350586
0.021075010299682617
0.037496089935302734
0.043261051177978516
0.04551815986633301
0.04463481903076172
0.052674055099487305
0.03545093536376953
0.028157949447631836
0.03947710990905762
0.03444409370422363
0.032820940017700195
0.025790929794311523
0.03495311737060547
0.0517420768737793
0.06617903709411621
0.04801487922668457
0.027698040008544922
0.027638912200927734
0.05798792839050293
0.01762104034423828
0.011061906814575195
0.054116010665893555
0.028692007064819336
0.05251812934875488
0.031625986099243164
0.042122840881347656
0.06893491744995117
0.02951502799987793
0.05327200889587402
0.008614063262939453
0.03397989273071289
0.038453102111816406
0.04506087303161621
0.05437183380126953
0.03005695343017578
0.0226290225982666
0.050401926040649414
0.0419459342956543
0.0560910701751709
0.039483070373535156
0.03283190727233887
0.04605388641357422
0.02930283546447754
0.02006697654724121
0.015687942504882812
0.01702094078063965
0.03090500831604004
0.040599822998046875
0.03469491004943848
0.017898082733154297
0.01665782928466797
0.07834410667419434
0.05077004432678223
0.03734087944030762
0.02590203285217285
0.025394916534423828
0.05761289596557617
0.04515504837036133
0.049408912658691406
0.03403282165527344
0.026318073272705078
0.02804708480834961
0.027238845825195312
0.06745004653930664
0.0532991886138916
0.042250871658325195
0.03934597969055176
0.04419088363647461
0.03613400459289551
0.043370962142944336
0.059526920318603516
0.0338129997253418
0.0473170280456543
0.05041193962097168
0.028641939163208008
0.04668307304382324
0.04651212692260742
0.02836298942565918
0.038786888122558594
0.03941607475280762
0.06187701225280762
0.05401110649108887
0.03980588912963867
0.019444942474365234
0.04116511344909668
0.05661797523498535
0.019675016403198242
0.05611300468444824
0.05363798141479492
0.025914907455444336
0.03674602508544922
0.05185508728027344
0.04236006736755371
0.04360008239746094
0.03792309761047363
0.05349016189575195
0.024284839630126953
0.04119610786437988
0.04819989204406738
0.04044389724731445
0.04741811752319336
0.03937101364135742
0.02977895736694336
0.05010390281677246
0.020344972610473633
0.03870987892150879
0.020596981048583984
0.02402806282043457
0.04173398017883301
0.05192208290100098
0.014596939086914062
0.04021596908569336
0.04139208793640137
0.05741000175476074
0.04593086242675781
0.04962015151977539
0.024430036544799805
0.04105401039123535
0.0398869514465332
0.052883148193359375
0.05263686180114746
0.047976016998291016
0.031145095825195312
0.03517889976501465
0.048156023025512695
0.05636096000671387
0.04445695877075195
0.02403998374938965
0.025424957275390625
0.032234907150268555
0.03725385665893555
0.039331912994384766
0.02966785430908203
0.055505990982055664
0.04114198684692383
0.029799938201904297
0.03373312950134277
0.0381319522857666
0.04836392402648926
0.033074140548706055
0.034867048263549805
0.04485893249511719
0.048993825912475586
0.030891895294189453
0.027870893478393555
0.04551887512207031
0.0577549934387207
0.02319788932800293
0.03889203071594238
0.02657604217529297
0.026628971099853516
0.0545499324798584
0.037869930267333984
0.04935288429260254
0.049115896224975586
0.051464080810546875
0.031339168548583984
0.014317989349365234
0.049517154693603516
0.06818103790283203
0.03206896781921387
0.05255007743835449
0.020547151565551758
0.07760000228881836
0.0487520694732666
0.04427194595336914
0.036566972732543945
0.037535905838012695
0.039237022399902344
0.05060887336730957
0.05052518844604492
0.05229783058166504
0.011974096298217773
0.04684114456176758
0.0421750545501709
0.04845404624938965
0.01655888557434082
0.05395317077636719
0.06312918663024902
0.03671407699584961
0.045298099517822266
0.05164313316345215
0.014307975769042969
0.0488889217376709
0.03461909294128418
0.030143022537231445
0.048033952713012695
0.011863946914672852
0.04831290245056152
0.07328486442565918
0.05472207069396973
0.04108595848083496
0.020529985427856445
0.015002012252807617
0.029885053634643555
0.023890972137451172
0.0379791259765625
0.01026296615600586
0.024631977081298828
0.04685783386230469
0.031677961349487305
0.03409004211425781
0.034989118576049805
0.034349918365478516
0.01659703254699707
0.0384211540222168
0.019073963165283203
0.03452706336975098
0.05579185485839844
0.011617898941040039
0.04044795036315918
0.05782294273376465
0.04423809051513672
0.02895808219909668
0.025203943252563477
0.03641700744628906
0.052636146545410156
0.03377413749694824
0.05003094673156738
0.043721914291381836
0.03728079795837402
0.06224203109741211
0.016527175903320312
0.08148694038391113
0.055052995681762695
0.026085853576660156
0.02869391441345215
0.0064580440521240234
0.017323970794677734
0.029048919677734375
0.05291485786437988
0.05324101448059082
0.03392910957336426
0.05055093765258789
0.026456832885742188
0.04828000068664551
0.04569101333618164
0.03875303268432617
0.056321144104003906
0.02734088897705078
0.03593301773071289
0.03075098991394043
0.031230926513671875
0.030133962631225586
0.02704787254333496
0.047796010971069336
0.01875901222229004
0.02424311637878418
0.019963979721069336
0.0493009090423584
0.04605913162231445
0.015199899673461914
0.054461002349853516
0.030955076217651367
0.015625
0.035980939865112305
0.05240297317504883
0.05557894706726074
0.05407595634460449
0.03494381904602051
0.05037808418273926
0.06190800666809082
0.03060603141784668
0.04171490669250488
0.02702188491821289
0.041886091232299805
0.022894859313964844
0.041806936264038086
0.04534912109375
0.023355960845947266
0.033532142639160156
0.020019054412841797
0.015625953674316406
0.03505897521972656
0.03380179405212402
0.0542910099029541
0.02643299102783203
0.02425098419189453
0.05346512794494629
0.02631092071533203
0.043634891510009766
0.024314165115356445
0.03552389144897461
0.013595104217529297
0.04719686508178711
0.029310941696166992
0.012619972229003906
0.027587890625
0.03943610191345215
0.049304962158203125
0.01646900177001953
0.022922992706298828
0.046997785568237305
0.037606000900268555
0.036314964294433594
0.034629106521606445
0.034477949142456055
0.0327451229095459
0.030349016189575195
0.03797197341918945
0.05127406120300293
0.04005289077758789
0.026895999908447266
0.014119863510131836
0.01997685432434082
0.03383493423461914
0.02499103546142578
0.052542924880981445
0.04117703437805176
0.025501012802124023
0.020353078842163086
0.05120706558227539
0.03641390800476074
0.04368114471435547
0.05069780349731445
0.03679490089416504
0.051162004470825195
0.03548598289489746
0.049356937408447266
0.02467179298400879
0.03146696090698242
0.049408912658691406
0.03276491165161133
0.024888992309570312
0.02445197105407715
0.028627872467041016
0.06030082702636719
0.06741595268249512
0.022112131118774414
0.022884845733642578
0.062330007553100586
0.015488147735595703
0.028996944427490234
0.021407127380371094
0.04887080192565918
0.020374059677124023
0.0366818904876709
0.05571293830871582
0.06774187088012695
0.04282498359680176
0.041700124740600586
0.03332209587097168
0.049443960189819336
0.04519820213317871
0.04071402549743652
0.03508496284484863
0.029436826705932617
0.04311800003051758
0.05303192138671875
0.0475618839263916
0.033798933029174805
0.016176939010620117
0.03365898132324219
0.04055595397949219
0.05365705490112305
0.026473045349121094
0.03247213363647461
0.04892897605895996
0.023836135864257812
0.011671066284179688
0.014611005783081055
0.0409541130065918
0.017002105712890625
0.03322005271911621
0.03681588172912598
0.0252840518951416
0.0374600887298584
0.03757214546203613
0.02667093276977539
0.03390192985534668
0.043833017349243164
0.06613516807556152
0.05280804634094238
0.022949934005737305
0.02808403968811035
0.04076981544494629
0.06525111198425293
0.04019904136657715
0.05228686332702637
0.018676042556762695
0.02985215187072754
0.022841215133666992
0.03337597846984863
0.00704503059387207
0.023246049880981445
