0.06841301918029785
0.0383608341217041
0.006265163421630859
0.025732994079589844
0.022279024124145508
0.04414510726928711
0.03931403160095215
0.02751016616821289
0.0176849365234375
0.04169607162475586
0.043306827545166016
0.04077911376953125
0.054366111755371094
0.04056596755981445
0.044245004653930664
0.032707929611206055
0.04165196418762207
0.04657292366027832
0.02007889747619629
0.024121999740600586
0.025448083877563477
0.033164024353027344
0.03124380111694336
0.03486990928649902
0.0399169921875
0.041079044342041016
0.07123899459838867
0.03278613090515137
0.024482011795043945
0.015866994857788086
0.05776095390319824
0.05018115043640137
0.05225110054016113
0.027510881423950195
0.02009296417236328
0.05350804328918457
0.04895901679992676
0.0423891544342041
0.029826879501342773
0.04342508316040039
0.04724001884460449
0.0267179012298584
0.03430294990539551
0.041518211364746094
0.06300997734069824
0.043691158294677734
0.05915188789367676
0.01963520050048828
0.03237414360046387
0.03689122200012207
0.03766608238220215
0.034256935119628906
0.022893905639648438
0.042176008224487305
0.04729795455932617
0.031033992767333984
0.020612001419067383
0.06358194351196289
0.030526161193847656
0.03397798538208008
0.02849602699279785
0.015468835830688477
0.0458521842956543
0.026385068893432617
0.02992701530456543
0.04100394248962402
0.03324317932128906
0.03461503982543945
0.030853986740112305
0.04173588752746582
0.041448116302490234
0.020732879638671875
0.049729108810424805
0.05285191535949707
0.03528094291687012
0.03752398490905762
0.023818016052246094
0.04702496528625488
0.04135298728942871
0.03225111961364746
0.04064798355102539
0.049520015716552734
0.023103952407836914
0.0507349967956543
0.04872298240661621
0.0594639778137207
0.044985055923461914
0.05755305290222168
0.04476594924926758
0.052680015563964844
0.01586294174194336
0.016119956970214844
0.04747486114501953
0.024905920028686523
0.018899917602539062
0.048336029052734375
0.04975295066833496
0.02983713150024414
0.031842947006225586
0.05371499061584473
0.048692941665649414
0.0659940242767334
0.020476818084716797
0.040544986724853516
0.050582170486450195
0.03658413887023926
0.03790903091430664
0.013545036315917969
0.0395050048828125
0.039602041244506836
0.0441129207611084
0.050553083419799805
0.028862953186035156
0.02014303207397461
0.03395891189575195
0.0323941707611084
0.04061007499694824
0.04114103317260742
0.05527687072753906
0.05627799034118652
0.024293184280395508
0.04678511619567871
0.02500319480895996
0.0325469970703125
0.06820082664489746
0.0692439079284668
0.0358278751373291
0.045575857162475586
0.05526304244995117
0.006342172622680664
0.05934405326843262
0.04525589942932129
0.05741095542907715
0.03455615043640137
0.00999307632446289
0.014718055725097656
0.035143136978149414
0.031831979751586914
0.02740788459777832
0.04423093795776367
0.03803586959838867
0.02039813995361328
0.03140592575073242
0.016904830932617188
0.02051401138305664
0.020015954971313477
0.03339695930480957
0.02401113510131836
0.047493934631347656
0.0450291633605957
0.03353285789489746
0.049172163009643555
0.03386497497558594
0.031996965408325195
0.013775110244750977
0.03828597068786621
0.024286985397338867
0.025568008422851562
0.027910947799682617
0.04331398010253906
0.02533102035522461
0.054678916931152344
0.03587508201599121
0.060095787048339844
0.04272103309631348
0.021760940551757812
0.05330491065979004
0.015582799911499023
0.0420680046081543
0.01641702651977539
0.03679704666137695
0.0419001579284668
0.021990060806274414
0.04582095146179199
0.04106402397155762
0.03732800483703613
0.049382925033569336
0.05071616172790527
0.0330967903137207
0.05353212356567383
0.024454116821289062
0.012352943420410156
0.016254901885986328
0.04725313186645508
0.057420969009399414
0.05387306213378906
0.05607295036315918
0.029671192169189453
0.02429986000061035
0.04902386665344238
0.016705036163330078
0.04582500457763672
0.050428152084350586
0.04534792900085449
0.034126996994018555
0.04546189308166504
0.02417898178100586
0.03293895721435547
0.03698992729187012
0.04874682426452637
0.04691004753112793
0.04468989372253418
0.03013300895690918
0.054924964904785156
0.04405403137207031
0.04700517654418945
0.03830099105834961
0.04995298385620117
0.028179168701171875
0.03322005271911621
0.04597306251525879
0.016265869140625
0.05948209762573242
0.06047701835632324
0.05420494079589844
0.02481698989868164
0.05337095260620117
0.04675698280334473
0.011533975601196289
0.04195713996887207
0.04976606369018555
0.03974294662475586
0.029217004776000977
0.04066801071166992
0.03716397285461426
0.05376696586608887
0.0583798885345459
0.03090691566467285
0.047807931900024414
0.0411829948425293
0.0380399227142334
0.04262495040893555
0.02757096290588379
0.05863189697265625
0.04653596878051758
0.03988289833068848
0.06717896461486816
0.045590877532958984
0.010586023330688477
0.01048588752746582
0.022861957550048828
0.03430604934692383
0.04661393165588379
0.07428407669067383
0.04870486259460449
0.015580177307128906
0.055905818939208984
0.023720979690551758
0.02127218246459961
0.04483509063720703
0.030093908309936523
0.07054591178894043
0.04966998100280762
0.027235031127929688
0.04127192497253418
0.06386399269104004
0.0443270206451416
0.045352935791015625
0.040860891342163086
0.02283501625061035
0.03378891944885254
0.01650714874267578
0.0238189697265625
0.024360179901123047
0.03270983695983887
0.029600143432617188
0.033818960189819336
0.057641029357910156
0.046900033950805664
0.039845943450927734
0.06560993194580078
0.048220157623291016
0.050592899322509766
0.022935152053833008
0.05280900001525879
0.05362987518310547
0.05176496505737305
0.05139803886413574
0.019511938095092773
0.04934096336364746
0.05168485641479492
0.062072038650512695
0.05429196357727051
0.04299020767211914
0.050334930419921875
0.026823997497558594
0.03519606590270996
0.03137993812561035
0.034815073013305664
0.02390003204345703
0.05080294609069824
0.04127001762390137
0.05557894706726074
0.04790091514587402
0.05836296081542969
0.045130014419555664
0.026614904403686523
0.04160809516906738
0.04363203048706055
0.025456905364990234
0.04252982139587402
0.03697514533996582
0.013149023056030273
0.04864692687988281
0.015350103378295898
0.04321789741516113
0.034098148345947266
0.01807999610900879
0.04649090766906738
0.04902386665344238
0.07772684097290039
0.03484392166137695
0.04980301856994629
0.015452146530151367
0.03715395927429199
0.04578113555908203
0.0421910285949707
0.04826498031616211
0.01195383071899414
0.016019821166992188
0.061859130859375
0.02284693717956543
0.015772104263305664
0.02907085418701172
0.014779806137084961
0.030167102813720703
0.045684099197387695
0.032559871673583984
0.03247714042663574
0.04021596908569336
0.03611612319946289
0.05683708190917969
0.05069613456726074
0.04060196876525879
0.03579115867614746
0.05592799186706543
0.02563190460205078
0.061691999435424805
0.030844926834106445
0.03210306167602539
0.04644513130187988
0.04992389678955078
0.022827863693237305
0.057301998138427734
0.023231983184814453
0.024055004119873047
0.0364680290222168
0.020696163177490234
0.04952692985534668
0.039994001388549805
0.02636098861694336
0.03922319412231445
0.043643951416015625
0.03455710411071777
0.03449606895446777
0.03199005126953125
0.022439002990722656
0.058073997497558594
0.01276397705078125
0.030020952224731445
0.045445919036865234
0.0525970458984375
0.016227006912231445
0.03693199157714844
0.05083799362182617
0.03847193717956543
0.07023501396179199
0.02716207504272461
0.04452800750732422
0.034459829330444336
0.04483795166015625
0.024615049362182617
0.04751300811767578
0.051966190338134766
0.06497597694396973
0.04992198944091797
0.037542104721069336
0.030550003051757812
0.051239967346191406
0.049916982650756836
0.016711950302124023
0.04136395454406738
0.058181047439575195
0.026823997497558594
0.053240060806274414
0.05198979377746582
0.03034210205078125
0.030712127685546875
0.040682077407836914
0.054158926010131836
0.047055959701538086
0.019902944564819336
0.034078121185302734
0.009747982025146484
0.03158307075500488
0.04429197311401367
0.04415106773376465
0.012151956558227539
0.026243925094604492
0.05402183532714844
0.04748201370239258
0.059638023376464844
0.02890610694885254
0.03952312469482422
0.027253150939941406
0.0509340763092041
0.026434898376464844
0.037877798080444336
0.05272793769836426
0.023340940475463867
0.02370595932006836
0.040969133377075195
0.028194904327392578
0.04346585273742676
0.04221796989440918
0.009662866592407227
0.03771495819091797
0.019756078720092773
0.03787398338317871
0.04837203025817871
0.03859400749206543
0.04657411575317383
0.05821514129638672
0.0500178337097168
0.030478954315185547
0.02583003044128418
0.03496098518371582
0.04509592056274414
0.03952503204345703
0.04673290252685547
0.05716300010681152
0.032254934310913086
0.02811598777770996
0.02310919761657715
0.04637908935546875
0.05115008354187012
0.0342710018157959
0.037657976150512695
0.08122587203979492
0.05315089225769043
0.038420915603637695
0.03845620155334473
0.022686004638671875
0.021605968475341797
0.046939849853515625
0.020040035247802734
0.05020499229431152
0.05689191818237305
0.05402112007141113
0.04398512840270996
0.0247499942779541
0.03945183753967285
0.02519989013671875
0.052271127700805664
0.05335879325866699
0.04790091514587402
0.022475004196166992
0.03278017044067383
0.05278515815734863
0.04862713813781738
0.014835834503173828
0.03742194175720215
0.04291200637817383
0.020633935928344727
0.026856184005737305
0.04851794242858887
0.0396881103515625
0.03114008903503418
0.018697023391723633
0.039275169372558594
0.025363922119140625
0.048410892486572266
0.04571890830993652
0.039942026138305664
0.05120992660522461
0.016022920608520508
0.023075103759765625
0.04807782173156738
0.04651999473571777
0.055541038513183594
0.02518296241760254
0.052310943603515625
0.04005908966064453
0.0423121452331543
0.04072999954223633
0.027659893035888672
0.027209043502807617
0.03145003318786621
0.024096012115478516
0.061966896057128906
0.0394740104675293
0.015859127044677734
0.02687811851501465
0.036065101623535156
0.027244091033935547
0.03885388374328613
0.0420079231262207
0.027128934860229492
0.04535388946533203
0.04912900924682617
0.051954030990600586
0.023115873336791992
0.041723012924194336
0.04158496856689453
0.027139902114868164
0.045948028564453125
0.03740692138671875
0.012370109558105469
0.04562997817993164
0.04554390907287598
0.06399989128112793
0.027412891387939453
0.030909061431884766
0.0559689998626709
0.045771121978759766
0.01938605308532715
0.029341936111450195
0.0379178524017334
0.05717301368713379
0.05030393600463867
0.04634594917297363
0.030458927154541016
0.03219008445739746
0.036728858947753906
0.02354907989501953
0.04091596603393555
0.025608062744140625
0.042140960693359375
0.03471684455871582
0.020536184310913086
0.03357195854187012
0.013649940490722656
0.0637359619140625
0.009922027587890625
0.028602123260498047
0.035247087478637695
0.05329585075378418
0.04489493370056152
0.03252911567687988
0.05289196968078613
0.05546092987060547
0.052980899810791016
0.05350303649902344
0.05766797065734863
0.01693582534790039
0.054637908935546875
0.03396296501159668
0.01075291633605957
0.06263303756713867
0.03258490562438965
0.03496289253234863
0.035295963287353516
0.048509836196899414
0.04065704345703125
0.04043698310852051
0.05421185493469238
0.05285501480102539
0.015430927276611328
0.042172908782958984
0.02829289436340332
0.0333559513092041
0.025070905685424805
0.021975994110107422
0.01620316505432129
0.05294299125671387
0.04993391036987305
0.051687002182006836
0.04058408737182617
0.03085803985595703
0.03957796096801758
0.03527498245239258
0.040342092514038086
0.049822092056274414
0.0404820442199707
0.02569293975830078
0.030215978622436523
0.012115955352783203
0.019164085388183594
0.07624578475952148
0.04471611976623535
0.036535024642944336
0.02581501007080078
0.04464888572692871
0.01631307601928711
0.042732954025268555
0.030844926834106445
0.0489499568939209
0.04287099838256836
0.04860281944274902
0.01172018051147461
0.06802988052368164
0.024950027465820312
0.024213075637817383
0.04361605644226074
0.029360055923461914
0.011876821517944336
0.0067501068115234375
0.03180885314941406
0.035337209701538086
0.022575855255126953
