0.0579829216003418
0.05472087860107422
0.04107379913330078
0.05766916275024414
0.050228118896484375
0.030857086181640625
0.05743408203125
0.013784170150756836
0.0355069637298584
0.038450002670288086
0.029638051986694336
0.04569196701049805
0.020312070846557617
0.04248404502868652
0.05775094032287598
0.0375819206237793
0.029101133346557617
0.016711950302124023
0.0468440055847168
0.025614023208618164
0.015028953552246094
0.031748056411743164
0.019688844680786133
0.058595895767211914
0.046148061752319336
0.051872968673706055
0.041960954666137695
0.036682844161987305
0.041812896728515625
0.05368494987487793
0.037622928619384766
0.05191493034362793
0.04808497428894043
0.02579784393310547
0.02466607093811035
0.0308380126953125
0.053855180740356445
0.04527401924133301
0.05294299125671387
0.02376103401184082
0.032011985778808594
0.03619813919067383
0.07297396659851074
0.036398887634277344
0.03758597373962402
0.016165971755981445
0.04521799087524414
0.02390909194946289
0.061218976974487305
0.011273860931396484
0.030941009521484375
0.04494309425354004
0.02380514144897461
0.038826942443847656
0.030518054962158203
0.0407099723815918
0.032505035400390625
0.02970409393310547
0.026072978973388672
0.057492971420288086
0.026257991790771484
0.03422999382019043
0.06103396415710449
0.021543025970458984
0.057929039001464844
0.052967071533203125
0.051403045654296875
0.028298139572143555
0.024261951446533203
0.014573097229003906
0.03494381904602051
0.051846981048583984
0.04279613494873047
0.0348210334777832
0.05704808235168457
0.0469820499420166
0.016624927520751953
0.016516923904418945
0.023936986923217773
0.03113698959350586
0.03501582145690918
0.031091928482055664
0.0537419319152832
0.05344390869140625
0.049874067306518555
0.02417302131652832
0.013370037078857422
0.040846824645996094
0.029778003692626953
0.040170907974243164
0.024823904037475586
0.06126999855041504
0.031272172927856445
0.05282711982727051
0.05140495300292969
0.04495096206665039
0.037592172622680664
0.04124903678894043
0.042713165283203125
0.02813100814819336
0.045300960540771484
0.03458094596862793
0.0536959171295166
0.05050206184387207
0.05682992935180664
0.03694796562194824
0.03639388084411621
0.022658824920654297
0.039450883865356445
0.04202890396118164
0.014742851257324219
0.031058073043823242
0.028393030166625977
0.019934892654418945
0.032212018966674805
0.022244930267333984
0.027141809463500977
0.016288042068481445
0.024012088775634766
0.042825937271118164
0.03157806396484375
0.05197310447692871
0.050126075744628906
0.01991105079650879
0.050434112548828125
0.06567811965942383
0.051095008850097656
0.04413580894470215
0.03827190399169922
0.03391003608703613
0.07184290885925293
0.05002188682556152
0.05936598777770996
0.020751953125
0.037802934646606445
0.06473517417907715
0.06740713119506836
0.021806001663208008
0.04786086082458496
0.046669960021972656
0.07468414306640625
0.06813621520996094
0.03448891639709473
0.038121938705444336
0.029247045516967773
0.035939931869506836
0.03999495506286621
0.025883913040161133
0.047167062759399414
0.05697488784790039
0.028442859649658203
0.030745983123779297
0.056982994079589844
0.01956915855407715
0.04802298545837402
0.015766143798828125
0.039769887924194336
0.04142189025878906
0.06498503684997559
0.04648709297180176
0.03993487358093262
0.02294778823852539
0.02052593231201172
0.021203041076660156
0.058341026306152344
0.01902294158935547
0.03501081466674805
0.020465850830078125
0.03939199447631836
0.05427289009094238
0.03733396530151367
0.0460360050201416
0.041166067123413086
0.04527688026428223
0.03424501419067383
0.014481067657470703
0.040847063064575195
0.0402369499206543
0.055460214614868164
0.020516157150268555
0.027621984481811523
0.04802107810974121
0.015846967697143555
0.03123307228088379
0.04432797431945801
0.04056906700134277
0.03361105918884277
0.019010066986083984
0.02875494956970215
0.03526592254638672
0.020650148391723633
0.03591609001159668
0.03206896781921387
0.02108597755432129
0.08062219619750977
0.021780014038085938
0.04091000556945801
0.03382992744445801
0.04610395431518555
0.05377984046936035
0.03838801383972168
0.050379037857055664
0.015069961547851562
0.05148601531982422
0.02361583709716797
0.04559493064880371
0.05507683753967285
0.03048396110534668
0.015347003936767578
0.057408809661865234
0.03661084175109863
0.03558611869812012
0.04481697082519531
0.027245044708251953
0.008692026138305664
0.032948970794677734
0.03622603416442871
0.018712997436523438
0.047781944274902344
0.02349710464477539
0.024825096130371094
0.052086830139160156
0.06312704086303711
0.0489649772644043
0.046720027923583984
0.04981708526611328
0.049783945083618164
0.05357789993286133
0.016512155532836914
0.023936986923217773
0.03512406349182129
0.03517413139343262
0.045220136642456055
0.027456998825073242
0.05739998817443848
0.03922605514526367
0.06502890586853027
0.06164813041687012
0.03501701354980469
0.033239126205444336
0.042881011962890625
0.05438709259033203
0.04009103775024414
0.05059695243835449
0.05504202842712402
0.02797079086303711
0.04274106025695801
0.05672311782836914
0.053164005279541016
0.03893613815307617
0.014370918273925781
0.028870820999145508
0.03504681587219238
0.04801487922668457
0.02431011199951172
0.04895186424255371
0.035578012466430664
0.056197166442871094
0.0414578914642334
0.03754997253417969
0.03254103660583496
0.03638601303100586
0.04332995414733887
0.05059194564819336
0.0324251651763916
0.0539860725402832
0.0463719367980957
0.048156023025512695
0.028216838836669922
0.06846904754638672
0.02000904083251953
0.06095385551452637
0.041068077087402344
0.03443002700805664
0.05401802062988281
0.030946016311645508
0.027501821517944336
0.0525660514831543
0.014086008071899414
0.01380300521850586
0.03662300109863281
0.02151799201965332
0.05484199523925781
0.03696298599243164
0.0339198112487793
0.02377009391784668
0.045117855072021484
0.037275075912475586
0.031136035919189453
0.059758901596069336
0.03109598159790039
0.05112504959106445
0.05504298210144043
0.013701915740966797
0.05282092094421387
0.028069019317626953
0.05822300910949707
0.045005083084106445
0.04059100151062012
0.035891056060791016
0.018659114837646484
0.050523996353149414
0.030220985412597656
0.04101395606994629
0.02471184730529785
0.04412388801574707
0.04887700080871582
0.031042098999023438
0.013835906982421875
0.051622867584228516
0.055769920349121094
0.038488149642944336
0.04331493377685547
0.0352320671081543
0.0390019416809082
0.05130910873413086
0.03923296928405762
0.035600900650024414
0.023820877075195312
0.049903154373168945
0.02469801902770996
0.0501399040222168
0.0366060733795166
0.05766701698303223
0.049629926681518555
0.012480974197387695
0.04742097854614258
0.029999971389770508
0.05132007598876953
0.02817702293395996
0.05253291130065918
0.056915998458862305
0.025448083877563477
0.05379605293273926
0.05274200439453125
0.03493499755859375
0.04186701774597168
0.03449892997741699
0.04821300506591797
0.034832000732421875
0.045603036880493164
0.04132890701293945
0.015883922576904297
0.02671194076538086
0.06482720375061035
0.02688908576965332
0.05230903625488281
0.05536007881164551
0.03373003005981445
0.030029773712158203
0.05067181587219238
0.04680204391479492
0.015413999557495117
0.023847103118896484
0.031912803649902344
0.049829959869384766
0.04553103446960449
0.045408010482788086
0.026401996612548828
0.015460014343261719
0.04427313804626465
0.03475213050842285
0.05177497863769531
0.034912109375
0.04398488998413086
0.020256996154785156
0.06471800804138184
0.023138046264648438
0.04155302047729492
0.03073287010192871
0.029644012451171875
0.04196906089782715
0.04301309585571289
0.04163694381713867
0.06743097305297852
0.034603118896484375
0.04445195198059082
0.0310518741607666
0.045423030853271484
0.03834199905395508
0.028037071228027344
0.03825092315673828
0.014495849609375
0.04929208755493164
0.07323789596557617
0.03839588165283203
0.011559009552001953
0.02214503288269043
0.03408384323120117
0.04960894584655762
0.03519487380981445
0.07016801834106445
0.03689217567443848
0.04758310317993164
0.020244121551513672
0.05047178268432617
0.012243032455444336
0.049900054931640625
0.05328512191772461
0.043582916259765625
0.053217172622680664
0.04017186164855957
0.03973197937011719
0.05582308769226074
0.054911136627197266
0.06631779670715332
0.04585385322570801
0.014731168746948242
0.04057812690734863
0.04121112823486328
0.034646034240722656
0.03816699981689453
0.02983689308166504
0.051061153411865234
0.020754098892211914
0.03079700469970703
0.032936811447143555
0.034626007080078125
0.037930965423583984
0.02695488929748535
0.029948949813842773
0.06135201454162598
0.006142854690551758
0.0417180061340332
0.0572969913482666
0.03900599479675293
0.027952909469604492
0.04372715950012207
0.02863001823425293
0.04954981803894043
0.04149794578552246
0.049759864807128906
0.039404869079589844
0.060501813888549805
0.03229188919067383
0.012664079666137695
0.02457880973815918
0.06461215019226074
0.06767606735229492
0.02297687530517578
0.04219412803649902
0.06040310859680176
0.03523683547973633
0.03450202941894531
0.04026317596435547
0.01637887954711914
0.019383907318115234
0.04057002067565918
0.024985790252685547
0.048716068267822266
0.0328068733215332
0.06154799461364746
0.049082040786743164
0.01883983612060547
0.03026103973388672
0.05548596382141113
0.016251087188720703
0.03475213050842285
0.024180173873901367
0.044828176498413086
0.04782509803771973
0.03512215614318848
0.0730290412902832
0.04720807075500488
0.030878067016601562
0.03804802894592285
0.04813408851623535
0.04733109474182129
0.03992199897766113
0.023790836334228516
0.048406124114990234
0.06367802619934082
0.03931093215942383
0.022272109985351562
0.0349421501159668
0.04651904106140137
0.04497504234313965
0.0409848690032959
0.05241107940673828
0.03652381896972656
0.02264094352722168
0.049060821533203125
0.029827117919921875
0.03195905685424805
0.04752206802368164
0.05908608436584473
0.01370692253112793
0.03635907173156738
0.012392997741699219
0.03605985641479492
0.014120101928710938
0.025578975677490234
0.05702710151672363
0.046623945236206055
0.03537893295288086
0.027372121810913086
0.026734113693237305
0.020116090774536133
0.023930072784423828
0.041278839111328125
0.01394796371459961
0.05089688301086426
0.04746198654174805
0.015675067901611328
0.053980112075805664
0.04883003234863281
0.0650179386138916
0.035491943359375
0.04964089393615723
0.050685882568359375
0.05240607261657715
0.05545401573181152
0.030639171600341797
0.03651285171508789
0.013975858688354492
0.0473790168762207
0.05666089057922363
0.04942584037780762
0.017496109008789062
0.02378702163696289
0.05702495574951172
0.020960092544555664
0.057531118392944336
0.03205299377441406
0.012643098831176758
0.02226400375366211
0.045896053314208984
0.07095098495483398
0.01980304718017578
0.0492708683013916
0.03750896453857422
0.0398709774017334
0.023894071578979492
0.028059959411621094
0.06141185760498047
0.032337188720703125
0.05286216735839844
0.016451120376586914
0.02359795570373535
0.031152963638305664
0.05316591262817383
0.026423931121826172
0.03674602508544922
0.04010200500488281
0.04533791542053223
0.0246279239654541
0.031394004821777344
0.03161883354187012
0.020617008209228516
0.03141212463378906
0.03139305114746094
0.03549480438232422
0.027383089065551758
0.03782200813293457
0.04916810989379883
0.052741050720214844
0.04081296920776367
0.038062095642089844
0.049813032150268555
0.031877994537353516
0.06621909141540527
0.06823205947875977
0.05749797821044922
0.04338407516479492
0.03635382652282715
0.024418115615844727
0.04952692985534668
0.040582895278930664
0.023241043090820312
0.03257179260253906
0.030651092529296875
0.036355018615722656
0.02574300765991211
0.016633987426757812
0.03897213935852051
0.028018951416015625
0.02023005485534668
0.049221038818359375
0.047637939453125
0.05350899696350098
0.03986787796020508
0.03925609588623047
0.023834943771362305
0.061450958251953125
0.05457305908203125
0.014140129089355469
0.040364980697631836
0.05227208137512207
0.04448199272155762
0.011327981948852539
0.029018878936767578
0.01979994773864746
0.027256011962890625
0.021353960037231445
0.027276039123535156
0.025552034378051758
0.040476083755493164
0.02905583381652832
0.020915985107421875
0.01918482780456543
