0.036547183990478516
0.03175711631774902
0.0325930118560791
0.050971031188964844
0.03006911277770996
0.03499007225036621
0.029067039489746094
0.05012083053588867
0.03843116760253906
0.02778911590576172
0.017011165618896484
0.039444923400878906
0.0379030704498291
0.029901981353759766
0.05123400688171387
0.050341129302978516
0.04906487464904785
0.04775094985961914
0.03682899475097656
0.03550004959106445
0.039433956146240234
0.03171682357788086
0.03417396545410156
0.057704925537109375
0.04929780960083008
0.0206301212310791
0.0220489501953125
0.02763986587524414
0.04306507110595703
0.026324033737182617
0.030431032180786133
0.039652109146118164
0.02797698974609375
0.03749203681945801
0.026417016983032227
0.03643798828125
0.03118896484375
0.023051977157592773
0.036843061447143555
0.05611395835876465
0.0286409854888916
0.0339961051940918
0.05028796195983887
0.021564960479736328
0.030932188034057617
0.014471054077148438
0.04352903366088867
0.051347970962524414
0.032473087310791016
0.03462982177734375
0.03186511993408203
0.061654090881347656
0.046324968338012695
0.017814159393310547
0.05199003219604492
0.06401920318603516
0.014541149139404297
0.04443812370300293
0.032894134521484375
0.01096796989440918
0.04483604431152344
0.05302596092224121
0.016330957412719727
0.017322063446044922
0.038633108139038086
0.047267913818359375
0.05617213249206543
0.033555030822753906
0.03094482421875
0.04967188835144043
0.018051862716674805
0.04885697364807129
0.054872989654541016
0.05458498001098633
0.024725914001464844
0.016126155853271484
0.031623125076293945
0.030057907104492188
0.016754150390625
0.04888796806335449
0.02296590805053711
0.030704975128173828
0.03005218505859375
0.046218156814575195
0.04238295555114746
0.018051862716674805
0.05378913879394531
0.05376315116882324
0.06791210174560547
0.02547311782836914
0.029774904251098633
0.03984999656677246
0.03281402587890625
0.04644513130187988
0.020652055740356445
0.04962897300720215
0.0167539119720459
0.042153120040893555
0.041069984436035156
0.043785810470581055
0.031382083892822266
0.015556097030639648
0.04814910888671875
0.0325169563293457
0.03786110877990723
0.0371549129486084
0.026773929595947266
0.03873109817504883
0.04133009910583496
0.060595035552978516
0.04865598678588867
0.05479288101196289
0.06158089637756348
0.03163480758666992
0.019340038299560547
0.024230003356933594
0.023566007614135742
0.024190902709960938
0.028136014938354492
0.031844139099121094
0.04517102241516113
0.02367115020751953
0.048451900482177734
0.03471994400024414
0.03478097915649414
0.029619932174682617
0.017561912536621094
0.04485487937927246
0.028295040130615234
0.05492997169494629
0.027292966842651367
0.020071029663085938
0.054589033126831055
0.024451017379760742
0.04150795936584473
0.026175975799560547
0.0387880802154541
0.034197092056274414
0.04813098907470703
0.06096601486206055
0.019112110137939453
0.03473496437072754
0.048889875411987305
0.0187990665435791
0.05763602256774902
0.04176592826843262
0.01373910903930664
0.029775142669677734
0.040194034576416016
0.027287006378173828
0.04219794273376465
0.040940046310424805
0.050354957580566406
0.014953851699829102
0.01837611198425293
0.041871070861816406
0.03477883338928223
0.024860143661499023
0.029713869094848633
0.025804996490478516
0.025577068328857422
0.03512310981750488
0.05443906784057617
0.04387402534484863
0.020364046096801758
0.0569911003112793
0.05939197540283203
0.0473179817199707
0.03669595718383789
0.03622698783874512
0.06553316116333008
0.016340970993041992
0.05570507049560547
0.0510251522064209
0.02672600746154785
0.022284984588623047
0.051795005798339844
0.030894041061401367
0.052887916564941406
0.05295991897583008
0.03109002113342285
0.02752399444580078
0.06437492370605469
0.030789852142333984
0.061508893966674805
0.048048973083496094
0.03277087211608887
0.0538029670715332
0.029005050659179688
0.035051822662353516
0.03442192077636719
0.04330301284790039
0.04587411880493164
0.04152083396911621
0.03476905822753906
0.044885873794555664
0.07775187492370605
0.029501914978027344
0.03987717628479004
0.03015899658203125
0.01666092872619629
0.034542083740234375
0.04467606544494629
0.04719901084899902
0.057769060134887695
0.04346585273742676
0.03149294853210449
0.04925394058227539
0.04650402069091797
0.027969837188720703
0.0258791446685791
0.037899017333984375
0.04593205451965332
0.034616947174072266
0.049633026123046875
0.04739785194396973
0.033149003982543945
0.022168874740600586
0.04302501678466797
0.06059408187866211
0.019335031509399414
0.06854701042175293
0.03330683708190918
0.056437015533447266
0.029720067977905273
0.05121612548828125
0.04614400863647461
0.01293802261352539
0.01208806037902832
0.040017127990722656
0.016623973846435547
0.02008199691772461
0.02434992790222168
0.03276801109313965
0.024379968643188477
0.030836820602416992
0.060851097106933594
0.05765700340270996
0.020689010620117188
0.04042410850524902
0.012481927871704102
0.053980112075805664
0.055555105209350586
0.015696048736572266
0.034545183181762695
0.029360055923461914
0.010145187377929688
0.06907987594604492
0.03693890571594238
0.02230978012084961
0.048911094665527344
0.04754304885864258
0.025664806365966797
0.06447505950927734
0.04118704795837402
0.034529924392700195
0.05397510528564453
0.013833045959472656
0.05394601821899414
0.04954195022583008
0.06010580062866211
0.0281679630279541
0.04763293266296387
0.019540071487426758
0.04923105239868164
0.030787944793701172
0.02205491065979004
0.0341339111328125
0.05182003974914551
0.053817033767700195
0.049993038177490234
0.012656927108764648
0.04179096221923828
0.05997896194458008
0.049044132232666016
0.03289604187011719
0.039215803146362305
0.05881094932556152
0.05123305320739746
0.032763004302978516
0.05194497108459473
0.034770965576171875
0.03219914436340332
0.03894400596618652
0.049941062927246094
0.05300307273864746
0.023128032684326172
0.03490900993347168
0.02892589569091797
0.051982879638671875
0.07685184478759766
0.05377006530761719
0.04146385192871094
0.018677949905395508
0.015031099319458008
0.04244709014892578
0.05902504920959473
0.030668020248413086
0.01781010627746582
0.04110383987426758
0.06572604179382324
0.05641293525695801
0.04137015342712402
0.052983999252319336
0.03896284103393555
0.03757309913635254
0.029805898666381836
0.03977704048156738
0.05397200584411621
0.022727012634277344
0.06545090675354004
0.024430036544799805
0.0563349723815918
0.05143594741821289
0.027032852172851562
0.02843499183654785
0.05192303657531738
0.04993891716003418
0.026057958602905273
0.03610801696777344
0.0411989688873291
0.05679893493652344
0.05961418151855469
0.01535797119140625
0.055860042572021484
0.04006505012512207
0.05051898956298828
0.04100489616394043
0.05139803886413574
0.047373056411743164
0.056928157806396484
0.01259303092956543
0.03258800506591797
0.012246847152709961
0.05474495887756348
0.05984997749328613
0.029482126235961914
0.021862030029296875
0.0363309383392334
0.0457768440246582
0.024129152297973633
0.022732019424438477
0.07529401779174805
0.05430483818054199
0.0637049674987793
0.03039097785949707
0.024121999740600586
0.04248189926147461
0.03461503982543945
0.04503297805786133
0.017333030700683594
0.02182793617248535
0.06149101257324219
0.06390810012817383
0.03011012077331543
0.04530906677246094
0.038144826889038086
0.02391505241394043
0.04128098487854004
0.02591705322265625
0.023107051849365234
0.0161130428314209
0.04043006896972656
0.03566098213195801
0.04510807991027832
0.026830196380615234
0.051451921463012695
0.04582405090332031
0.02325606346130371
0.011841058731079102
0.03480195999145508
0.040045976638793945
0.030690908432006836
0.038110971450805664
0.04790902137756348
0.05391287803649902
0.05118703842163086
0.030028820037841797
0.024813175201416016
0.049247026443481445
0.032898902893066406
0.03024601936340332
0.022847890853881836
0.05007505416870117
0.032937049865722656
0.015743017196655273
0.044641971588134766
0.0513300895690918
0.03158712387084961
0.052622079849243164
0.031542062759399414
0.03683185577392578
0.021970033645629883
0.017596006393432617
0.054028987884521484
0.01789999008178711
0.0384368896484375
0.049063920974731445
0.017001867294311523
0.05134296417236328
0.05115103721618652
0.04016995429992676
0.010785818099975586
0.05724310874938965
0.02042102813720703
0.02184295654296875
0.035696983337402344
0.022016048431396484
0.07314705848693848
0.012417078018188477
0.019988059997558594
0.0349271297454834
0.05587315559387207
0.04626607894897461
0.028722047805786133
0.0504450798034668
0.03147411346435547
0.034796953201293945
0.03566384315490723
0.020659923553466797
0.041908979415893555
0.03230595588684082
0.02341294288635254
0.039247989654541016
0.032508134841918945
0.03395795822143555
0.03804898262023926
0.048097848892211914
0.05323600769042969
0.04529285430908203
0.028330087661743164
0.0512850284576416
0.04465293884277344
0.05746316909790039
0.02060103416442871
0.046469926834106445
0.030252933502197266
0.03832697868347168
0.06055188179016113
0.03307509422302246
0.022217988967895508
0.0545039176940918
0.015964031219482422
0.04845094680786133
0.05523419380187988
0.05139899253845215
0.020781993865966797
0.0444331169128418
0.047425031661987305
0.050804853439331055
0.015883922576904297
0.023192167282104492
0.019121170043945312
0.036286115646362305
0.04243302345275879
0.023979902267456055
0.04871106147766113
0.01622605323791504
0.0397191047668457
0.02609705924987793
0.06148791313171387
0.034178972244262695
0.04108309745788574
0.0314939022064209
0.03566384315490723
0.050189971923828125
0.02379894256591797
0.06159687042236328
0.04862689971923828
0.038908958435058594
0.05003690719604492
0.02202296257019043
0.027656078338623047
0.012342214584350586
0.022787094116210938
0.028196096420288086
0.04462695121765137
0.045239925384521484
0.06112408638000488
0.04893803596496582
0.032415151596069336
0.006161928176879883
0.05837893486022949
0.03227090835571289
0.023006200790405273
0.04218912124633789
0.05109715461730957
0.04215192794799805
0.05877399444580078
0.019104957580566406
0.06960511207580566
0.0522761344909668
0.04686903953552246
0.020238876342773438
0.0496671199798584
0.053852081298828125
0.021853923797607422
0.039459943771362305
0.053234100341796875
0.03981900215148926
0.021800994873046875
0.023228168487548828
0.05021190643310547
0.02520298957824707
0.02347111701965332
0.021995067596435547
0.056947946548461914
0.05259394645690918
0.04020810127258301
0.04104900360107422
0.03160381317138672
0.06310796737670898
0.02845001220703125
0.036760807037353516
0.028208017349243164
0.049108028411865234
0.05810284614562988
0.0360560417175293
0.06203198432922363
0.05120491981506348
0.025155067443847656
0.019397974014282227
0.025355100631713867
0.05565810203552246
0.06345200538635254
0.02583909034729004
0.03020000457763672
0.05006718635559082
0.04162096977233887
0.04906201362609863
0.02560901641845703
0.03474688529968262
0.05364704132080078
0.0531618595123291
0.021664142608642578
0.01669597625732422
0.02723407745361328
0.020522117614746094
0.04267096519470215
0.030071020126342773
0.05708003044128418
0.023535966873168945
0.021825790405273438
0.024538040161132812
0.038681983947753906
0.046369075775146484
0.039639949798583984
0.035524845123291016
0.014941930770874023
0.013985872268676758
0.03787708282470703
0.029367923736572266
0.05764484405517578
0.028110027313232422
0.031527042388916016
0.04001617431640625
0.0517270565032959
0.027518033981323242
0.023461103439331055
0.05250716209411621
0.047998905181884766
0.023981094360351562
0.049713850021362305
0.04465603828430176
0.02034902572631836
0.0437009334564209
0.03604388236999512
0.03630185127258301
0.01929187774658203
0.04150104522705078
0.022350072860717773
0.04087710380554199
0.054913997650146484
0.0447239875793457
0.034440040588378906
0.057044029235839844
0.04010295867919922
0.05521988868713379
0.06933212280273438
0.04581284523010254
0.04148507118225098
0.03027796745300293
0.03957104682922363
0.029994964599609375
0.05329608917236328
0.03985095024108887
0.05183911323547363
0.025960922241210938
0.053054094314575195
0.04663801193237305
0.038339853286743164
0.04465007781982422
0.035035133361816406
0.027508974075317383
0.02430105209350586
0.023170948028564453
0.04392504692077637
0.028481006622314453
0.03491687774658203
0.016918182373046875
