0.06275701522827148
0.04037189483642578
0.025259017944335938
0.046386003494262695
0.034436941146850586
0.028204917907714844
0.02753305435180664
0.051483869552612305
0.04513883590698242
0.012556076049804688
0.02132415771484375
0.04572701454162598
0.061129093170166016
0.032280921936035156
0.0451350212097168
0.056002140045166016
0.04967212677001953
0.013960838317871094
0.04081892967224121
0.016749143600463867
0.041964054107666016
0.024127960205078125
0.04000401496887207
0.03349494934082031
0.06859993934631348
0.04759788513183594
0.06110191345214844
0.0334169864654541
0.027220964431762695
0.01992511749267578
0.026614904403686523
0.05692410469055176
0.016350984573364258
0.015433073043823242
0.023125171661376953
0.027436017990112305
0.05388188362121582
0.05003619194030762
0.03160500526428223
0.034088134765625
0.038873910903930664
0.031119823455810547
0.03174710273742676
0.026510000228881836
0.05350089073181152
0.027832984924316406
0.04546093940734863
0.051222801208496094
0.02054309844970703
0.0369110107421875
0.02779698371887207
0.010716915130615234
0.0459752082824707
0.05455803871154785
0.056147098541259766
0.042276859283447266
0.041294097900390625
0.03199481964111328
0.06584596633911133
0.06116199493408203
0.03164315223693848
0.0157778263092041
0.02228093147277832
0.01995396614074707
0.0379490852355957
0.057315826416015625
0.03930187225341797
0.050759077072143555
0.0410308837890625
0.032171010971069336
0.0269930362701416
0.036210060119628906
0.021328210830688477
0.05786585807800293
0.039659976959228516
0.02981281280517578
0.04905104637145996
0.04781603813171387
0.04485917091369629
0.035350799560546875
0.035411834716796875
0.03012990951538086
0.028144121170043945
0.05152106285095215
0.05196714401245117
0.02237391471862793
0.01513981819152832
0.025410175323486328
0.0266721248626709
0.047955989837646484
0.06488895416259766
0.045075178146362305
0.04452800750732422
0.03834390640258789
0.048928022384643555
0.06414294242858887
0.05711984634399414
0.014600992202758789
0.05837678909301758
0.05328989028930664
0.05123400688171387
0.03915691375732422
0.008394956588745117
0.03090190887451172
0.019418001174926758
0.042508840560913086
0.056243896484375
0.01475214958190918
0.04091691970825195
0.022783994674682617
0.02732992172241211
0.03356313705444336
0.06125688552856445
0.045066118240356445
0.03462100028991699
0.018379926681518555
0.0401759147644043
0.031434059143066406
0.0317838191986084
0.01991105079650879
0.03837394714355469
0.04015707969665527
0.04566311836242676
0.020602941513061523
0.022539138793945312
0.036988019943237305
0.045986175537109375
0.05003190040588379
0.013443946838378906
0.05351400375366211
0.01352691650390625
0.037893056869506836
0.026836156845092773
0.051405906677246094
0.028280973434448242
0.04812312126159668
0.022027969360351562
0.048393964767456055
0.0449368953704834
0.03694009780883789
0.05223202705383301
0.049967050552368164
0.018761873245239258
0.04696393013000488
0.04218006134033203
0.047731876373291016
0.02302098274230957
0.03227496147155762
0.013802051544189453
0.032774925231933594
0.03574419021606445
0.03447413444519043
0.04881596565246582
0.035151004791259766
0.038084983825683594
0.029155969619750977
0.014735937118530273
0.020075082778930664
0.01645493507385254
0.04703187942504883
0.04896092414855957
0.03798413276672363
0.04138684272766113
0.040307044982910156
0.016368865966796875
0.046698808670043945
0.03216195106506348
0.031382083892822266
0.027977943420410156
0.053028106689453125
0.016540050506591797
0.061599016189575195
0.06356978416442871
0.0632631778717041
0.04772591590881348
0.03587818145751953
0.034728050231933594
0.03392195701599121
0.04483604431152344
0.04177117347717285
0.06887602806091309
0.055613040924072266
0.04516315460205078
0.05149221420288086
0.02657914161682129
0.045233964920043945
0.0321660041809082
0.03739213943481445
0.014462947845458984
0.027484893798828125
0.02408909797668457
0.027904033660888672
0.029662132263183594
0.04165005683898926
0.03628802299499512
0.05539512634277344
0.040461063385009766
0.030813217163085938
0.03142905235290527
0.041166067123413086
0.014613866806030273
0.0243990421295166
0.05950498580932617
0.024100065231323242
0.026877880096435547
0.02571702003479004
0.06916093826293945
0.03885698318481445
0.022840023040771484
0.05260300636291504
0.05316805839538574
0.02544093132019043
0.030092954635620117
0.04659295082092285
0.04545712471008301
0.022766828536987305
0.011097908020019531
0.044033050537109375
0.03412604331970215
0.00990605354309082
0.04529380798339844
0.05064582824707031
0.01066899299621582
0.03211808204650879
0.038439035415649414
0.038223981857299805
0.022022008895874023
0.01593494415283203
0.007768154144287109
0.023492813110351562
0.03413200378417969
0.03591108322143555
0.0491328239440918
0.05617403984069824
0.021761178970336914
0.04712104797363281
0.06630492210388184
0.03524017333984375
0.026659011840820312
0.02949690818786621
0.02649092674255371
0.04878497123718262
0.04041600227355957
0.05118417739868164
0.05349612236022949
0.04260683059692383
0.060662031173706055
0.015550851821899414
0.03232407569885254
0.04443097114562988
0.03363800048828125
0.021577119827270508
0.03932595252990723
0.04446291923522949
0.033468008041381836
0.04296398162841797
0.05378293991088867
0.02776503562927246
0.03216814994812012
0.03862500190734863
0.04244589805603027
0.05302906036376953
0.048838138580322266
0.05636310577392578
0.014439105987548828
0.016568899154663086
0.02680516242980957
0.026276826858520508
0.02130913734436035
0.050872802734375
0.03953886032104492
0.047065019607543945
0.048104047775268555
0.03275704383850098
0.046562910079956055
0.04582500457763672
0.03754711151123047
0.02988290786743164
0.02027606964111328
0.03412508964538574
0.052568912506103516
0.019200801849365234
0.05360007286071777
0.027098894119262695
0.017891883850097656
0.05198979377746582
0.047724008560180664
0.03596687316894531
0.05759906768798828
0.06916618347167969
0.06082296371459961
0.03940606117248535
0.05256795883178711
0.05404090881347656
0.056030988693237305
0.05918121337890625
0.049046993255615234
0.061051130294799805
0.024216890335083008
0.05025076866149902
0.02651190757751465
0.037934064865112305
0.043602943420410156
0.024721860885620117
0.03503680229187012
0.030732154846191406
0.03496098518371582
0.01619410514831543
0.02803492546081543
0.057478904724121094
0.046922922134399414
0.045374155044555664
0.018419981002807617
0.021337032318115234
0.03231382369995117
0.05055594444274902
0.0508570671081543
0.04104900360107422
0.05354189872741699
0.042701005935668945
0.04438900947570801
0.0361480712890625
0.041732072830200195
0.022481918334960938
0.05896186828613281
0.04337501525878906
0.0379338264465332
0.02528691291809082
0.016227006912231445
0.026187896728515625
0.0376439094543457
0.014722108840942383
0.06365323066711426
0.012430906295776367
0.04777216911315918
0.05440187454223633
0.030766963958740234
0.016722917556762695
0.049211978912353516
0.016115188598632812
0.0399169921875
0.04052305221557617
0.030247926712036133
0.0385432243347168
0.046694040298461914
0.03936505317687988
0.06553006172180176
0.0194549560546875
0.05532503128051758
0.014281988143920898
0.05301499366760254
0.04709482192993164
0.04008007049560547
0.04069805145263672
0.05373716354370117
0.0519869327545166
0.04787802696228027
0.032824039459228516
0.022408008575439453
0.04965710639953613
0.031013011932373047
0.03531503677368164
0.014410018920898438
0.025761842727661133
0.022216081619262695
0.055008888244628906
0.058064937591552734
0.04951596260070801
0.06421613693237305
0.04483795166015625
0.04982709884643555
0.04069709777832031
0.016388893127441406
0.05299496650695801
0.04663801193237305
0.016038894653320312
0.021743059158325195
0.021335840225219727
0.02030205726623535
0.042246103286743164
0.02833700180053711
0.023336172103881836
0.034683942794799805
0.04319620132446289
0.02019786834716797
0.045387983322143555
0.041979074478149414
0.023830890655517578
0.014885902404785156
0.0509798526763916
0.01304316520690918
0.04614400863647461
0.0484919548034668
0.022849082946777344
0.020076990127563477
0.013358116149902344
0.024712085723876953
0.05352592468261719
0.04878711700439453
0.026973962783813477
0.043070077896118164
0.04220390319824219
0.03882598876953125
0.03621196746826172
0.04187512397766113
0.059799909591674805
0.04536604881286621
0.02246379852294922
0.021854877471923828
0.04112100601196289
0.01650714874267578
0.04187822341918945
0.038253068923950195
0.039530038833618164
0.023437976837158203
0.0619349479675293
0.030050992965698242
0.041845083236694336
0.03407096862792969
0.06946992874145508
0.04567098617553711
0.0368349552154541
0.0226900577545166
0.0558319091796875
0.032569169998168945
0.039608001708984375
0.05526995658874512
0.059385061264038086
0.049957990646362305
0.044899940490722656
0.04168391227722168
0.029145002365112305
0.04133200645446777
0.05645418167114258
0.03904604911804199
0.012484073638916016
0.04784202575683594
0.057917118072509766
0.03991889953613281
0.018654823303222656
0.03655290603637695
0.038384199142456055
0.05361509323120117
0.01955389976501465
0.04317617416381836
0.03974795341491699
0.0461270809173584
0.02532792091369629
0.025423049926757812
0.04243302345275879
0.053025007247924805
0.027429819107055664
0.04428601264953613
0.03902292251586914
0.05152320861816406
0.018455982208251953
0.040196895599365234
0.043287038803100586
0.06134605407714844
0.02984905242919922
0.02585911750793457
0.0225679874420166
0.027513980865478516
0.020557880401611328
0.03381013870239258
0.014292001724243164
0.027046918869018555
0.052535057067871094
0.026242971420288086
0.07740998268127441
0.023572921752929688
0.056088924407958984
0.05686497688293457
0.04364585876464844
0.020619869232177734
0.013865947723388672
0.027231931686401367
0.030521154403686523
0.03839898109436035
0.03737998008728027
0.04450392723083496
0.03806805610656738
0.0504307746887207
0.03318619728088379
0.038665056228637695
0.05263113975524902
0.01439213752746582
0.02121877670288086
0.014754772186279297
0.02347397804260254
0.04412388801574707
0.05429196357727051
0.04758095741271973
0.03137397766113281
0.007611989974975586
0.039344072341918945
0.02036595344543457
0.020313024520874023
0.06878995895385742
0.04513192176818848
0.043241024017333984
0.0649561882019043
0.044029951095581055
0.032919883728027344
0.04613685607910156
0.03826713562011719
0.023466110229492188
0.04495596885681152
0.02002406120300293
0.037039995193481445
0.018166065216064453
0.025226116180419922
0.014458894729614258
0.03253602981567383
0.044862985610961914
0.03407096862792969
0.03815007209777832
0.024261951446533203
0.024652957916259766
0.029764175415039062
0.04906892776489258
0.05144095420837402
0.043070077896118164
0.026957035064697266
0.03729510307312012
0.03464984893798828
0.059597015380859375
0.045831918716430664
0.04276394844055176
0.04363107681274414
0.0462651252746582
0.019702911376953125
0.05109381675720215
0.04115104675292969
0.03328514099121094
0.0411529541015625
0.027167081832885742
0.024730205535888672
0.02014017105102539
0.062415122985839844
0.04097104072570801
0.05704092979431152
0.023688077926635742
0.04919600486755371
0.030252933502197266
0.029408931732177734
0.01985788345336914
0.04515194892883301
0.023048877716064453
0.023334026336669922
0.04576897621154785
0.019739866256713867
0.05007600784301758
0.03592681884765625
0.028820037841796875
0.027791976928710938
0.03289389610290527
0.01810002326965332
0.053984880447387695
0.01668691635131836
0.021015167236328125
0.05283308029174805
0.03151988983154297
0.031764984130859375
0.04102802276611328
0.0404210090637207
0.046208858489990234
0.03174281120300293
0.023179054260253906
0.045738935470581055
0.05656599998474121
0.0283050537109375
0.028203964233398438
0.012792110443115234
0.049772024154663086
0.03326416015625
0.040769100189208984
0.0581669807434082
0.02268505096435547
0.03795003890991211
0.03616499900817871
0.03517508506774902
0.05037713050842285
0.016698122024536133
0.025424957275390625
0.030668973922729492
0.02144598960876465
0.033453941345214844
0.0487980842590332
0.05563783645629883
0.025539875030517578
0.01953601837158203
0.011097192764282227
0.02732706069946289
0.024122953414916992
0.018064022064208984
0.026160001754760742
0.03148913383483887
0.007470846176147461
0.0063321590423583984
