0.04426884651184082
0.02594780921936035
0.052333831787109375
0.026009082794189453
0.03174901008605957
0.014662027359008789
0.029901981353759766
0.03199911117553711
0.03989100456237793
0.032486915588378906
0.06095480918884277
0.036010026931762695
0.041433095932006836
0.026263952255249023
0.049359798431396484
0.038084983825683594
0.049321889877319336
0.010893106460571289
0.037719011306762695
0.028908967971801758
0.01382303237915039
0.053344011306762695
0.04842805862426758
0.04892706871032715
0.052561044692993164
0.018240928649902344
0.05768609046936035
0.023900985717773438
0.03279709815979004
0.058039188385009766
0.03899502754211426
0.05113101005554199
0.021516084671020508
0.04541778564453125
0.034559011459350586
0.0691690444946289
0.0494840145111084
0.03317117691040039
0.07938003540039062
0.044280052185058594
0.031491994857788086
0.05459904670715332
0.05516409873962402
0.04857206344604492
0.022672176361083984
0.04370689392089844
0.03440213203430176
0.05201888084411621
0.037869930267333984
0.05828404426574707
0.05708193778991699
0.020658016204833984
0.03411293029785156
0.07715201377868652
0.049674034118652344
0.040522098541259766
0.01520681381225586
0.03683209419250488
0.053601980209350586
0.05182504653930664
0.022631168365478516
0.06373786926269531
0.022771120071411133
0.03110814094543457
0.042330026626586914
0.022350072860717773
0.03560209274291992
0.016764163970947266
0.027325153350830078
0.05799388885498047
0.04452109336853027
0.02932000160217285
0.03976106643676758
0.04317188262939453
0.027082204818725586
0.02358102798461914
0.020245075225830078
0.05305910110473633
0.0360560417175293
0.03098011016845703
0.01479792594909668
0.04751992225646973
0.04441499710083008
0.0127410888671875
0.03226304054260254
0.041604042053222656
0.03510284423828125
0.037557125091552734
0.0405728816986084
0.028696060180664062
0.04073500633239746
0.046009063720703125
0.03553605079650879
0.028180837631225586
0.04986286163330078
0.02694106101989746
0.03205680847167969
0.04150080680847168
0.03383779525756836
0.016523122787475586
0.017586946487426758
0.03874993324279785
0.024326086044311523
0.039877891540527344
0.02977609634399414
0.04484891891479492
0.04914379119873047
0.04894113540649414
0.030498981475830078
0.013705968856811523
0.03791999816894531
0.04519295692443848
0.05216813087463379
0.04841184616088867
0.04112505912780762
0.027293920516967773
0.04596590995788574
0.06492114067077637
0.030534982681274414
0.05747699737548828
0.030424118041992188
0.05118823051452637
0.03481006622314453
0.041625022888183594
0.06266593933105469
0.02709197998046875
0.025352001190185547
0.020830154418945312
0.0360870361328125
0.04062700271606445
0.042330026626586914
0.020841121673583984
0.03315305709838867
0.03395509719848633
0.017699003219604492
0.016343116760253906
0.047245025634765625
0.016474008560180664
0.03845500946044922
0.026714086532592773
0.02688908576965332
0.0387880802154541
0.04490995407104492
0.05668807029724121
0.027988910675048828
0.03700113296508789
0.03671693801879883
0.03712320327758789
0.04533886909484863
0.026493072509765625
0.030702829360961914
0.04190397262573242
0.03124094009399414
0.05125713348388672
0.04140806198120117
0.02888202667236328
0.03368711471557617
0.039791107177734375
0.039267778396606445
0.043186187744140625
0.04844403266906738
0.02922201156616211
0.06157708168029785
0.05574512481689453
0.035668134689331055
0.052896976470947266
0.05606198310852051
0.03061199188232422
0.03684687614440918
0.022801876068115234
0.028928041458129883
0.020395994186401367
0.039617061614990234
0.05502200126647949
0.04587602615356445
0.04896998405456543
0.041543006896972656
0.0585939884185791
0.0489809513092041
0.03760886192321777
0.03229999542236328
0.06102299690246582
0.026362180709838867
0.02254009246826172
0.026422977447509766
0.04543590545654297
0.061482906341552734
0.047463178634643555
0.04697680473327637
0.038970947265625
0.02084803581237793
0.03494095802307129
0.038890838623046875
0.05256295204162598
0.016047954559326172
0.015289068222045898
0.01239919662475586
0.042308807373046875
0.040660858154296875
0.014539003372192383
0.04995417594909668
0.0313570499420166
0.05520892143249512
0.0329279899597168
0.058999061584472656
0.046894073486328125
0.009046077728271484
0.05328989028930664
0.022693872451782227
0.046113014221191406
0.04635000228881836
0.031659841537475586
0.03606700897216797
0.04673504829406738
0.02777409553527832
0.030195951461791992
0.029878854751586914
0.014321088790893555
0.06489086151123047
0.030996084213256836
0.04592084884643555
0.04383492469787598
0.015825986862182617
0.010623931884765625
0.025563955307006836
0.05779695510864258
0.012810230255126953
0.057682037353515625
0.04562497138977051
0.03378701210021973
0.0568079948425293
0.0571441650390625
0.05993986129760742
0.051737070083618164
0.026922225952148438
0.029787063598632812
0.03997087478637695
0.027146100997924805
0.02933216094970703
0.032015085220336914
0.025994062423706055
0.053022146224975586
0.05129599571228027
0.04143500328063965
0.04543805122375488
0.061448097229003906
0.03091716766357422
0.027542829513549805
0.05143594741821289
0.04568004608154297
0.046096086502075195
0.06874513626098633
0.040107011795043945
0.0428309440612793
0.023897886276245117
0.028569936752319336
0.053083181381225586
0.03789710998535156
0.014898061752319336
0.019142866134643555
0.05250906944274902
0.021792888641357422
0.03804302215576172
0.026411056518554688
0.03133702278137207
0.046890974044799805
0.06981897354125977
0.05220317840576172
0.05055809020996094
0.05430293083190918
0.05123615264892578
0.01199197769165039
0.0330049991607666
0.03123307228088379
0.024569988250732422
0.044291019439697266
0.029300928115844727
0.018703937530517578
0.062103986740112305
0.04899406433105469
0.020507097244262695
0.029858827590942383
0.01879715919494629
0.04933500289916992
0.02217388153076172
0.05995011329650879
0.026327133178710938
0.03481292724609375
0.05190300941467285
0.037751197814941406
0.06081509590148926
0.043753862380981445
0.0181119441986084
0.03498101234436035
0.022010087966918945
0.052680015563964844
0.06011795997619629
0.019672155380249023
0.03547811508178711
0.029478073120117188
0.06007218360900879
0.028584003448486328
0.04155611991882324
0.04560089111328125
0.030305862426757812
0.03451800346374512
0.027658939361572266
0.045866966247558594
0.03681492805480957
0.02741694450378418
0.054039955139160156
0.04776597023010254
0.03442192077636719
0.038099050521850586
0.058264970779418945
0.03981184959411621
0.036608219146728516
0.026580095291137695
0.04658198356628418
0.02889704704284668
0.04663395881652832
0.056221961975097656
0.04019904136657715
0.03567314147949219
0.052156925201416016
0.029422998428344727
0.028757095336914062
0.033471107482910156
0.042675018310546875
0.014768123626708984
0.0329439640045166
0.03169894218444824
0.028393983840942383
0.031394004821777344
0.03827214241027832
0.04603004455566406
0.04162192344665527
0.02953505516052246
0.03574085235595703
0.024950027465820312
0.05878400802612305
0.04120588302612305
0.0384519100189209
0.057396888732910156
0.00915384292602539
0.03685498237609863
0.026213884353637695
0.031167030334472656
0.05102801322937012
0.010156869888305664
0.015550851821899414
0.034232139587402344
0.03032207489013672
0.05326199531555176
0.04692196846008301
0.02965092658996582
0.04437899589538574
0.02435898780822754
0.03504300117492676
0.06943893432617188
0.02418804168701172
0.03560805320739746
0.033975839614868164
0.04589104652404785
0.02439093589782715
0.02017378807067871
0.04766702651977539
0.02378082275390625
0.036147117614746094
0.025115966796875
0.03381800651550293
0.027675867080688477
0.04739093780517578
0.04983806610107422
0.055357933044433594
0.03873419761657715
0.025954008102416992
0.0483701229095459
0.04393815994262695
0.053350210189819336
0.022794008255004883
0.046714067459106445
0.03397417068481445
0.04349398612976074
0.05467391014099121
0.05724692344665527
0.018229007720947266
0.05725884437561035
0.035269975662231445
0.027161836624145508
0.036643028259277344
0.03831219673156738
0.039556026458740234
0.057080984115600586
0.01780986785888672
0.07271289825439453
0.050004005432128906
0.04503989219665527
0.03937196731567383
0.010782003402709961
0.02764105796813965
0.0576479434967041
0.023838043212890625
0.06162405014038086
0.03447914123535156
0.045948028564453125
0.005864143371582031
0.03901314735412598
0.040927886962890625
0.02781510353088379
0.012359142303466797
0.05266118049621582
0.05866193771362305
0.04460477828979492
0.022069931030273438
0.05596494674682617
0.03233194351196289
0.04056596755981445
0.02423715591430664
0.02275395393371582
0.04739713668823242
0.05880999565124512
0.03989887237548828
0.040734052658081055
0.07506799697875977
0.03919577598571777
0.05892205238342285
0.044278860092163086
0.024272918701171875
0.020738840103149414
0.05237102508544922
0.016283035278320312
0.030150175094604492
0.02886199951171875
0.04562711715698242
0.021782875061035156
0.0465240478515625
0.047515153884887695
0.04604601860046387
0.055696964263916016
0.03379416465759277
0.05225515365600586
0.03418588638305664
0.036698102951049805
0.03127598762512207
0.030652999877929688
0.0661320686340332
0.0498201847076416
0.03468894958496094
0.020444869995117188
0.07553887367248535
0.023282766342163086
0.0450139045715332
0.028909921646118164
0.06417083740234375
0.0475010871887207
0.05085587501525879
0.026741981506347656
0.04027390480041504
0.05514097213745117
0.016242027282714844
0.015547037124633789
0.019881010055541992
0.03960299491882324
0.05922412872314453
0.046936988830566406
0.015239953994750977
0.05034518241882324
0.03146100044250488
0.017184972763061523
0.022710084915161133
0.03159284591674805
0.05776405334472656
0.052757978439331055
0.05463218688964844
0.06720185279846191
0.03861594200134277
0.03936195373535156
0.02065896987915039
0.058769941329956055
0.02706313133239746
0.056823015213012695
0.021832942962646484
0.031697988510131836
0.02274298667907715
0.02384185791015625
0.03965902328491211
0.04285097122192383
0.03923487663269043
0.014525890350341797
0.0537869930267334
0.011134147644042969
0.021943092346191406
0.04764509201049805
0.018882036209106445
0.056552886962890625
0.03080606460571289
0.05025506019592285
0.026777982711791992
0.04596281051635742
0.040776968002319336
0.049757957458496094
0.06401991844177246
0.015990018844604492
0.03997492790222168
0.059571027755737305
0.044336795806884766
0.06247091293334961
0.01271200180053711
0.04126691818237305
0.023188114166259766
0.036730051040649414
0.022190093994140625
0.0504150390625
0.04965996742248535
0.04114389419555664
0.027378082275390625
0.048429012298583984
0.04024791717529297
0.0507810115814209
0.019368886947631836
0.017236948013305664
0.06032896041870117
0.03731703758239746
0.028872013092041016
0.05045890808105469
0.041708946228027344
0.0177459716796875
0.05542397499084473
0.05245089530944824
0.03472709655761719
0.03037285804748535
0.04667520523071289
0.032968997955322266
0.04091906547546387
0.04492807388305664
0.026707172393798828
0.028625965118408203
0.04725217819213867
0.016279935836791992
0.02827906608581543
0.055773019790649414
0.044547080993652344
0.014639854431152344
0.07108306884765625
0.023196935653686523
0.01494598388671875
0.03694796562194824
0.04910421371459961
0.05172300338745117
0.0554041862487793
0.031890869140625
0.051982879638671875
0.052839040756225586
0.023832082748413086
0.029027223587036133
0.03270101547241211
0.0325322151184082
0.04142904281616211
0.022769927978515625
0.02217388153076172
0.013691902160644531
0.055032968521118164
0.036366939544677734
0.0225679874420166
0.060205936431884766
0.05514383316040039
0.024214982986450195
0.06407499313354492
0.05284380912780762
0.040827035903930664
0.0581510066986084
0.05402803421020508
0.026127099990844727
0.025841951370239258
0.05827498435974121
0.03983807563781738
0.026510000228881836
0.03006911277770996
0.04872393608093262
0.05200695991516113
0.06664705276489258
0.016325950622558594
0.03650498390197754
0.04211902618408203
0.030234098434448242
0.05569911003112793
0.039662837982177734
0.023301124572753906
0.048905134201049805
0.03984498977661133
0.04393792152404785
0.03185415267944336
0.03549695014953613
0.0436859130859375
0.048393964767456055
0.011052131652832031
0.03363800048828125
0.03137397766113281
0.014451980590820312
