0.04820609092712402
0.02739405632019043
0.019669055938720703
0.04507899284362793
0.0292661190032959
0.041996002197265625
0.05180692672729492
0.047347068786621094
0.05843091011047363
0.022929906845092773
0.02822709083557129
0.021409034729003906
0.02447795867919922
0.04040098190307617
0.03908681869506836
0.05437493324279785
0.02900218963623047
0.06147313117980957
0.03636288642883301
0.03275609016418457
0.04718613624572754
0.06215500831604004
0.046556949615478516
0.01848602294921875
0.049308061599731445
0.07094788551330566
0.02474188804626465
0.023467063903808594
0.04413795471191406
0.03418612480163574
0.04379892349243164
0.07295489311218262
0.029916048049926758
0.052824974060058594
0.040734052658081055
0.03874993324279785
0.034510135650634766
0.02455592155456543
0.025992155075073242
0.038365840911865234
0.0456240177154541
0.0380711555480957
0.015481948852539062
0.053601980209350586
0.032939910888671875
0.058447837829589844
0.02227306365966797
0.03162407875061035
0.05457806587219238
0.03950691223144531
0.05464005470275879
0.03397202491760254
0.02350592613220215
0.04915595054626465
0.04546689987182617
0.03257107734680176
0.052937984466552734
0.0417330265045166
0.0206449031829834
0.06010890007019043
0.04810380935668945
0.033273935317993164
0.03285098075866699
0.031588077545166016
0.05123591423034668
0.03663492202758789
0.04190397262573242
0.044393062591552734
0.014997005462646484
0.025981903076171875
0.06226801872253418
0.03452181816101074
0.03651595115661621
0.020238876342773438
0.06972503662109375
0.05518698692321777
0.035227060317993164
0.02430105209350586
0.04609489440917969
0.038403987884521484
0.04610896110534668
0.03975391387939453
0.05410313606262207
0.03360891342163086
0.03244781494140625
0.05236077308654785
0.041110992431640625
0.032325029373168945
0.05681300163269043
0.04604601860046387
0.049124956130981445
0.040016889572143555
0.033265113830566406
0.027309894561767578
0.02358102798461914
0.050360918045043945
0.04036211967468262
0.041676998138427734
0.00884103775024414
0.02593398094177246
0.03499913215637207
0.04612302780151367
0.045452117919921875
0.03827691078186035
0.04530906677246094
0.04118204116821289
0.01662588119506836
0.027573108673095703
0.05105185508728027
0.03185105323791504
0.04235696792602539
0.04571199417114258
0.08545613288879395
0.046530961990356445
0.062291860580444336
0.014459848403930664
0.010375022888183594
0.041445016860961914
0.037225961685180664
0.010431051254272461
0.04787087440490723
0.04877495765686035
0.05299806594848633
0.02535104751586914
0.038722991943359375
0.02764105796813965
0.014935970306396484
0.04120302200317383
0.05836296081542969
0.05753302574157715
0.04388880729675293
0.04687786102294922
0.020723819732666016
0.028326034545898438
0.023944854736328125
0.04043292999267578
0.01616692543029785
0.04483795166015625
0.034332990646362305
0.05426788330078125
0.04102301597595215
0.039137840270996094
0.011397123336791992
0.02341294288635254
0.03386712074279785
0.04905200004577637
0.0499269962310791
0.05600404739379883
0.026406049728393555
0.025918006896972656
0.032984018325805664
0.04921984672546387
0.016536951065063477
0.053781986236572266
0.05406594276428223
0.05555391311645508
0.04486083984375
0.023832082748413086
0.04640316963195801
0.006003141403198242
0.046211957931518555
0.02390909194946289
0.035984039306640625
0.023841142654418945
0.035392045974731445
0.020592212677001953
0.03162193298339844
0.05542302131652832
0.048837900161743164
0.06567811965942383
0.05721902847290039
0.03286600112915039
0.010713815689086914
0.04115414619445801
0.03654193878173828
0.046087026596069336
0.057286977767944336
0.043138980865478516
0.034707069396972656
0.046781063079833984
0.04036092758178711
0.023077964782714844
0.0367739200592041
0.05209994316101074
0.024327993392944336
0.03818988800048828
0.024016141891479492
0.05684804916381836
0.02271413803100586
0.05793905258178711
0.04574108123779297
0.03827095031738281
0.041169166564941406
0.025489091873168945
0.034642934799194336
0.06499004364013672
0.05711078643798828
0.05268597602844238
0.01852583885192871
0.05354595184326172
0.054666996002197266
0.039138078689575195
0.03127288818359375
0.018893003463745117
0.03708982467651367
0.03389310836791992
0.05090022087097168
0.049349069595336914
0.028430938720703125
0.03911900520324707
0.05333209037780762
0.049340009689331055
0.04550790786743164
0.03627586364746094
0.0452570915222168
0.04867386817932129
0.018980979919433594
0.051553964614868164
0.05357503890991211
0.04561901092529297
0.048432111740112305
0.06359195709228516
0.03138995170593262
0.01618790626525879
0.05364680290222168
0.05288815498352051
0.050369977951049805
0.05508112907409668
0.02699899673461914
0.02643585205078125
0.043138980865478516
0.016640901565551758
0.024658918380737305
0.01628708839416504
0.0242459774017334
0.041979074478149414
0.03961992263793945
0.0260469913482666
0.02672719955444336
0.02208113670349121
0.045114994049072266
0.03441905975341797
0.014986991882324219
0.032884836196899414
0.030135154724121094
0.03500008583068848
0.06020307540893555
0.04726409912109375
0.06479096412658691
0.043515920639038086
0.02251720428466797
0.04857897758483887
0.030630111694335938
0.042597055435180664
0.034548044204711914
0.028314828872680664
0.04006791114807129
0.04051995277404785
0.02316904067993164
0.03334307670593262
0.03332090377807617
0.05373096466064453
0.04761004447937012
0.04515790939331055
0.0491180419921875
0.03832411766052246
0.06018710136413574
0.028504133224487305
0.0421900749206543
0.05441403388977051
0.010654211044311523
0.059823036193847656
0.012820005416870117
0.05782198905944824
0.039836883544921875
0.03285384178161621
0.02290487289428711
0.04529595375061035
0.025024890899658203
0.05453205108642578
0.03813600540161133
0.028216123580932617
0.03154397010803223
0.03052377700805664
0.053997039794921875
0.03682088851928711
0.032479047775268555
0.04325103759765625
0.04093790054321289
0.02831411361694336
0.04614710807800293
0.02618694305419922
0.016299962997436523
0.013946771621704102
0.014577150344848633
0.05466604232788086
0.0441441535949707
0.05251598358154297
0.024034976959228516
0.03097391128540039
0.047930002212524414
0.04062700271606445
0.023980140686035156
0.03761482238769531
0.030781984329223633
0.040879011154174805
0.030456066131591797
0.02036118507385254
0.04823493957519531
0.05066108703613281
0.0343320369720459
0.051373958587646484
0.04386305809020996
0.03881096839904785
0.049646854400634766
0.046163082122802734
0.018167972564697266
0.07555389404296875
0.05841803550720215
0.012389898300170898
0.04655909538269043
0.048287153244018555
0.016059160232543945
0.02868199348449707
0.04506516456604004
0.06323909759521484
0.039916038513183594
0.05105400085449219
0.05385398864746094
0.06291007995605469
0.04079294204711914
0.009597063064575195
0.023056983947753906
0.012673139572143555
0.0281679630279541
0.04383087158203125
0.024035930633544922
0.029378175735473633
0.0471959114074707
0.04950404167175293
0.05029106140136719
0.033210039138793945
0.04593300819396973
0.029386043548583984
0.04187297821044922
0.037950992584228516
0.030061960220336914
0.04949593544006348
0.02750396728515625
0.033447980880737305
0.03789401054382324
0.046022891998291016
0.021210193634033203
0.07540297508239746
0.05529499053955078
0.05382704734802246
0.029959917068481445
0.02909111976623535
0.02306199073791504
0.05146503448486328
0.042356014251708984
0.025331974029541016
0.044213056564331055
0.024803876876831055
0.04723215103149414
0.03360795974731445
0.020519018173217773
0.014639854431152344
0.03209996223449707
0.04088902473449707
0.04541301727294922
0.017498016357421875
0.023581981658935547
0.04229402542114258
0.05080604553222656
0.024024009704589844
0.03342294692993164
0.02771592140197754
0.03694510459899902
0.04935598373413086
0.0322718620300293
0.040641069412231445
0.05363297462463379
0.01868891716003418
0.04856419563293457
0.020666122436523438
0.06444311141967773
0.02130603790283203
0.0536649227142334
0.0434110164642334
0.032681941986083984
0.04373884201049805
0.02325606346130371
0.04635310173034668
0.03999900817871094
0.03829789161682129
0.04471993446350098
0.0435788631439209
0.0463709831237793
0.02726006507873535
0.03440117835998535
0.03479194641113281
0.041610002517700195
0.038378000259399414
0.022788047790527344
0.03259086608886719
0.02821207046508789
0.04245495796203613
0.029883146286010742
0.0267181396484375
0.016011953353881836
0.05347394943237305
0.032729148864746094
0.03731894493103027
0.02992987632751465
0.040921926498413086
0.02809309959411621
0.05324721336364746
0.029066085815429688
0.05103778839111328
0.05279397964477539
0.022053956985473633
0.05395698547363281
0.052111148834228516
0.033921003341674805
0.0262601375579834
0.031286001205444336
0.029748916625976562
0.03495502471923828
0.040126800537109375
0.03831601142883301
0.032167911529541016
0.0357210636138916
0.03250288963317871
0.06776618957519531
0.045858144760131836
0.029901981353759766
0.024673938751220703
0.037889957427978516
0.024194955825805664
0.03859210014343262
0.040879011154174805
0.03866887092590332
0.06899499893188477
0.03734993934631348
0.01698899269104004
0.05203890800476074
0.05733203887939453
0.053009033203125
0.0443110466003418
0.037885189056396484
0.032620906829833984
0.030514001846313477
0.04524803161621094
0.05547785758972168
0.030375003814697266
0.01620197296142578
0.02843618392944336
0.02449202537536621
0.0349888801574707
0.0395359992980957
0.05449104309082031
0.03655099868774414
0.026491880416870117
0.0500178337097168
0.05376791954040527
0.0196230411529541
0.02984786033630371
0.02641916275024414
0.0221710205078125
0.05563092231750488
0.05611109733581543
0.011924028396606445
0.02605605125427246
0.04951882362365723
0.04930591583251953
0.0353541374206543
0.04098200798034668
0.03522300720214844
0.04475283622741699
0.01659393310546875
0.041647911071777344
0.05531883239746094
0.04374098777770996
0.015505075454711914
0.05168795585632324
0.038472890853881836
0.05781102180480957
0.024235963821411133
0.021157026290893555
0.04058504104614258
0.024631977081298828
0.039578914642333984
0.04904007911682129
0.015477895736694336
0.04140591621398926
0.04675602912902832
0.037587881088256836
0.04028582572937012
0.018326997756958008
0.053581953048706055
0.035804033279418945
0.026007890701293945
0.06357312202453613
0.02280592918395996
0.03269004821777344
0.0429990291595459
0.0491328239440918
0.03995490074157715
0.04191899299621582
0.03467988967895508
0.04780292510986328
0.038961172103881836
0.03276705741882324
0.04311203956604004
0.044199228286743164
0.04959607124328613
0.036379098892211914
0.045641183853149414
0.042326927185058594
0.04942488670349121
0.04400992393493652
0.05833601951599121
0.040618896484375
0.06207704544067383
0.014101982116699219
0.03267097473144531
0.054245948791503906
0.054739952087402344
0.029349088668823242
0.02015209197998047
0.04072690010070801
0.05353999137878418
0.02532482147216797
0.044892072677612305
0.024567127227783203
0.022374868392944336
0.05776786804199219
0.04889798164367676
0.06921195983886719
0.04410409927368164
0.056405067443847656
0.04763484001159668
0.06158089637756348
0.0386960506439209
0.028267860412597656
0.03499412536621094
0.0471649169921875
0.04051518440246582
0.03191399574279785
0.03176093101501465
0.04518914222717285
0.043576955795288086
0.05023193359375
0.04206991195678711
0.03587603569030762
0.04599714279174805
0.04696393013000488
0.05306100845336914
0.03346896171569824
0.02697014808654785
0.0521550178527832
0.0436558723449707
0.022297143936157227
0.04001593589782715
0.04052305221557617
0.04981493949890137
0.03671407699584961
0.06946110725402832
0.04514503479003906
0.03610420227050781
0.022531986236572266
0.04952692985534668
0.03659200668334961
0.04924416542053223
0.05140495300292969
0.03121781349182129
0.01630687713623047
0.03344106674194336
0.041938066482543945
0.019359111785888672
0.016310930252075195
0.05720996856689453
0.06136512756347656
0.04757094383239746
0.026475191116333008
0.025589942932128906
0.03572201728820801
0.018604040145874023
0.04757881164550781
0.026070117950439453
0.04376411437988281
0.02078390121459961
0.026057004928588867
0.030406951904296875
0.03702211380004883
0.030508995056152344
0.017831087112426758
0.021258831024169922
0.017672061920166016
