0.045194149017333984
0.049456119537353516
0.030612945556640625
0.037634849548339844
0.04980587959289551
0.014421939849853516
0.04983210563659668
0.04611682891845703
0.05382180213928223
0.02612018585205078
0.029386043548583984
0.05608677864074707
0.01166391372680664
0.0557098388671875
0.021372079849243164
0.03974103927612305
0.040132999420166016
0.037351131439208984
0.015814781188964844
0.014667987823486328
0.03824806213378906
0.046922922134399414
0.0678110122680664
0.04860115051269531
0.030882835388183594
0.03931593894958496
0.029065847396850586
0.04003000259399414
0.04992103576660156
0.03705096244812012
0.030304908752441406
0.05687212944030762
0.06624603271484375
0.027830839157104492
0.04749608039855957
0.04549384117126465
0.042752981185913086
0.024978160858154297
0.04999208450317383
0.030410051345825195
0.031148195266723633
0.03721117973327637
0.012029886245727539
0.057684898376464844
0.0638880729675293
0.042118072509765625
0.04012584686279297
0.061141014099121094
0.057582855224609375
0.03418588638305664
0.036355018615722656
0.0367131233215332
0.03907918930053711
0.03655600547790527
0.04718494415283203
0.03660416603088379
0.024492979049682617
0.022207021713256836
0.04057908058166504
0.05292701721191406
0.052583932876586914
0.02823185920715332
0.03212714195251465
0.04688596725463867
0.029647111892700195
0.03167295455932617
0.04726910591125488
0.019401073455810547
0.05021095275878906
0.04298996925354004
0.03253602981567383
0.05750703811645508
0.034716129302978516
0.05506181716918945
0.029000043869018555
0.016278982162475586
0.029460906982421875
0.05464816093444824
0.06506609916687012
0.012541055679321289
0.008402824401855469
0.028745174407958984
0.05367302894592285
0.04146313667297363
0.05896902084350586
0.014740943908691406
0.040032148361206055
0.04517698287963867
0.04502081871032715
0.05034303665161133
0.01974797248840332
0.02455902099609375
0.037841081619262695
0.04570817947387695
0.0452268123626709
0.03984689712524414
0.052944183349609375
0.04548501968383789
0.027171850204467773
0.052839040756225586
0.021809816360473633
0.04148697853088379
0.04059290885925293
0.05052995681762695
0.03693819046020508
0.05164694786071777
0.01592111587524414
0.05409598350524902
0.040560007095336914
0.020607948303222656
0.023796796798706055
0.05486106872558594
0.033854007720947266
0.04349684715270996
0.023381948471069336
0.03213000297546387
0.03838181495666504
0.03709697723388672
0.02470707893371582
0.044302940368652344
0.05029606819152832
0.03411984443664551
0.0343480110168457
0.07493209838867188
0.01116800308227539
0.0427401065826416
0.01909613609313965
0.0488741397857666
0.057112932205200195
0.03524899482727051
0.02276301383972168
0.01759505271911621
0.04600191116333008
0.05570101737976074
0.035681962966918945
0.05315399169921875
0.04211902618408203
0.013525009155273438
0.03629803657531738
0.041580915451049805
0.026857852935791016
0.0338139533996582
0.014148950576782227
0.043862104415893555
0.014093875885009766
0.04863405227661133
0.015828847885131836
0.04979681968688965
0.05484795570373535
0.03495979309082031
0.029375791549682617
0.0541539192199707
0.0409090518951416
0.016201019287109375
0.05196380615234375
0.04033803939819336
0.043704986572265625
0.024343013763427734
0.043993234634399414
0.040956974029541016
0.05854010581970215
0.03746199607849121
0.05540585517883301
0.0600740909576416
0.016083955764770508
0.034873008728027344
0.03899407386779785
0.03391599655151367
0.05448102951049805
0.01784515380859375
0.02367401123046875
0.02818894386291504
0.029239892959594727
0.041047096252441406
0.031100988388061523
0.03438997268676758
0.05937600135803223
0.05124998092651367
0.03664684295654297
0.015372991561889648
0.018049955368041992
0.04457998275756836
0.057417869567871094
0.03222799301147461
0.038365840911865234
0.030345916748046875
0.05293703079223633
0.038632869720458984
0.05683493614196777
0.019968032836914062
0.027798891067504883
0.03225898742675781
0.0310060977935791
0.03458094596862793
0.04777097702026367
0.04034781455993652
0.022125959396362305
0.023162126541137695
0.04529285430908203
0.050742149353027344
0.04620695114135742
0.03317999839782715
0.01671886444091797
0.060339927673339844
0.03783297538757324
0.04042387008666992
0.037518978118896484
0.02316594123840332
0.03393411636352539
0.017835140228271484
0.04936790466308594
0.030113935470581055
0.06508207321166992
0.04119682312011719
0.05699801445007324
0.037603139877319336
0.03093099594116211
0.01757502555847168
0.028651952743530273
0.04828286170959473
0.040352821350097656
0.027077913284301758
0.03304600715637207
0.04994606971740723
0.040251970291137695
0.036396026611328125
0.005980014801025391
0.052206993103027344
0.01468801498413086
0.029645919799804688
0.0428769588470459
0.03221416473388672
0.04144001007080078
0.019710063934326172
0.07947707176208496
0.04733109474182129
0.04047799110412598
0.04571890830993652
0.053186893463134766
0.04496002197265625
0.014438867568969727
0.03120589256286621
0.0326840877532959
0.020099163055419922
0.03837704658508301
0.05416607856750488
0.03235006332397461
0.05341792106628418
0.05383491516113281
0.03855609893798828
0.021444082260131836
0.04879498481750488
0.02540278434753418
0.04188394546508789
0.057507991790771484
0.05021309852600098
0.02106308937072754
0.012151002883911133
0.034693002700805664
0.020427942276000977
0.02706599235534668
0.04387497901916504
0.043884992599487305
0.021956920623779297
0.0462801456451416
0.04691910743713379
0.039652109146118164
0.04668688774108887
0.04114508628845215
0.03940582275390625
0.051965951919555664
0.04605722427368164
0.05202007293701172
0.020160913467407227
0.05016589164733887
0.0502932071685791
0.037832021713256836
0.041825056076049805
0.019867897033691406
0.016494035720825195
0.04479694366455078
0.02123093605041504
0.05136299133300781
0.03318190574645996
0.03817892074584961
0.03805088996887207
0.018934965133666992
0.021574974060058594
0.02696514129638672
0.04705500602722168
0.03466606140136719
0.04604315757751465
0.032318115234375
0.0508880615234375
0.024096012115478516
0.057945966720581055
0.04088902473449707
0.04820108413696289
0.040470123291015625
0.029139041900634766
0.03367304801940918
0.025574922561645508
0.042717933654785156
0.05308794975280762
0.04138994216918945
0.03548097610473633
0.05321693420410156
0.05627894401550293
0.01481008529663086
0.045928001403808594
0.0314180850982666
0.049247026443481445
0.043396949768066406
0.02410292625427246
0.023684978485107422
0.015620946884155273
0.016648054122924805
0.04478001594543457
0.04789113998413086
0.034915924072265625
0.012877941131591797
0.04416799545288086
0.0729367733001709
0.042636871337890625
0.04703688621520996
0.041024208068847656
0.0475771427154541
0.05337810516357422
0.013435125350952148
0.038491010665893555
0.05071520805358887
0.04208111763000488
0.030933141708374023
0.031504154205322266
0.06098008155822754
0.031538963317871094
0.009580850601196289
0.051087141036987305
0.024181127548217773
0.04574298858642578
0.015490055084228516
0.04353594779968262
0.03170418739318848
0.05019187927246094
0.019994020462036133
0.040560007095336914
0.03247714042663574
0.018779993057250977
0.037323951721191406
0.04134202003479004
0.023921966552734375
0.04261612892150879
0.02210378646850586
0.0520329475402832
0.04500293731689453
0.0689241886138916
0.03960299491882324
0.016071081161499023
0.016443967819213867
0.03508400917053223
0.04375815391540527
0.04259514808654785
0.03605389595031738
0.05836200714111328
0.05216503143310547
0.04186296463012695
0.04541897773742676
0.018128156661987305
0.02973008155822754
0.058064937591552734
0.06973505020141602
0.021005868911743164
0.02575206756591797
0.04037308692932129
0.04983806610107422
0.059641122817993164
0.024378061294555664
0.05907392501831055
0.011717081069946289
0.05137801170349121
0.018538951873779297
0.012350082397460938
0.01666116714477539
0.0463109016418457
0.04102301597595215
0.03728008270263672
0.04895901679992676
0.07384490966796875
0.04164314270019531
0.028081178665161133
0.059689998626708984
0.035562992095947266
0.05603289604187012
0.01375722885131836
0.058557987213134766
0.014770030975341797
0.010145902633666992
0.019710063934326172
0.031538963317871094
0.04977893829345703
0.0453181266784668
0.04913902282714844
0.055490970611572266
0.050705909729003906
0.04905080795288086
0.031575918197631836
0.02385091781616211
0.028215885162353516
0.04242706298828125
0.037199974060058594
0.024419069290161133
0.023112058639526367
0.02449512481689453
0.027781009674072266
0.03643798828125
0.048761844635009766
0.012226104736328125
0.01614689826965332
0.05340909957885742
0.03742408752441406
0.036386966705322266
0.025986909866333008
0.021505117416381836
0.022336959838867188
0.02228522300720215
0.03543710708618164
0.05121207237243652
0.020282983779907227
0.0440828800201416
0.04005599021911621
0.03149604797363281
0.04039883613586426
0.06816983222961426
0.016520023345947266
0.0549159049987793
0.04215288162231445
0.06176590919494629
0.07193493843078613
0.054293155670166016
0.02957296371459961
0.043792009353637695
0.02491307258605957
0.03246784210205078
0.0426640510559082
0.05807089805603027
0.038110971450805664
0.03455781936645508
0.03593301773071289
0.05412697792053223
0.044651031494140625
0.04458308219909668
0.05483293533325195
0.05457592010498047
0.010931968688964844
0.02163386344909668
0.05356621742248535
0.023205995559692383
0.026063919067382812
0.027011871337890625
0.036887168884277344
0.014552116394042969
0.05768704414367676
0.03940010070800781
0.05023694038391113
0.06897497177124023
0.028059005737304688
0.03220009803771973
0.01620316505432129
0.03182196617126465
0.041110992431640625
0.050688982009887695
0.03718996047973633
0.03523898124694824
0.05085110664367676
0.03755021095275879
0.05375504493713379
0.018877029418945312
0.013581991195678711
0.035104990005493164
0.05086016654968262
0.023838043212890625
0.02781200408935547
0.02361607551574707
0.06070089340209961
0.04020810127258301
0.011982202529907227
0.057942867279052734
0.023483991622924805
0.05502581596374512
0.040515899658203125
0.05205392837524414
0.039335012435913086
0.020311832427978516
0.06567192077636719
0.020696163177490234
0.02498602867126465
0.04944491386413574
0.031530141830444336
0.03723001480102539
0.0454709529876709
0.04912519454956055
0.030439138412475586
0.04205584526062012
0.02982306480407715
0.03320002555847168
0.05224418640136719
0.011567115783691406
0.031974077224731445
0.04709887504577637
0.04240703582763672
0.016415119171142578
0.022429943084716797
0.01946401596069336
0.025936126708984375
0.046224117279052734
0.03382086753845215
0.04343104362487793
0.010904073715209961
0.034568071365356445
0.016582012176513672
0.04789090156555176
0.03855109214782715
0.028343915939331055
0.028253793716430664
0.024309158325195312
0.05012321472167969
0.015831947326660156
0.04465198516845703
0.026905059814453125
0.05433201789855957
0.02777409553527832
0.04950380325317383
0.0497128963470459
0.019336938858032227
0.05314803123474121
0.04424095153808594
0.04029393196105957
0.054574012756347656
0.03634309768676758
0.03732490539550781
0.032469987869262695
0.0448460578918457
0.019891023635864258
0.03220105171203613
0.0491940975189209
0.022804975509643555
0.049336910247802734
0.01901984214782715
0.0396120548248291
0.039872169494628906
0.02335214614868164
0.03611397743225098
0.03456306457519531
0.05594587326049805
0.0330960750579834
0.03039717674255371
0.028593063354492188
0.04414010047912598
0.031004905700683594
0.016640186309814453
0.030912160873413086
0.037780046463012695
0.04723095893859863
0.048314809799194336
0.029175996780395508
0.05724000930786133
0.04543805122375488
0.053047895431518555
0.0388028621673584
0.05809617042541504
0.031523942947387695
0.04762887954711914
0.049108028411865234
0.03847694396972656
0.04656505584716797
0.03506898880004883
0.039237022399902344
0.043955087661743164
0.04923200607299805
0.019170045852661133
0.03491711616516113
0.05689406394958496
0.023422956466674805
0.04915809631347656
0.053589820861816406
0.030653953552246094
0.05433487892150879
0.04067206382751465
0.047080039978027344
0.04579806327819824
0.05418705940246582
0.04377603530883789
0.014328956604003906
0.017860889434814453
0.05099081993103027
0.026753902435302734
0.040619850158691406
0.03076314926147461
0.011426925659179688
0.04057502746582031
