0.06946086883544922
0.012386083602905273
0.02813100814819336
0.054338932037353516
0.05522012710571289
0.0502009391784668
0.04705190658569336
0.013926982879638672
0.05014300346374512
0.03963184356689453
0.053009033203125
0.028776168823242188
0.05237102508544922
0.04668593406677246
0.036303043365478516
0.019505977630615234
0.06063199043273926
0.013963937759399414
0.026283979415893555
0.04661989212036133
0.060832977294921875
0.05802798271179199
0.033303022384643555
0.01633000373840332
0.033022165298461914
0.026283979415893555
0.0393519401550293
0.03281593322753906
0.04469799995422363
0.04383397102355957
0.017685890197753906
0.03209114074707031
0.0545809268951416
0.055299997329711914
0.014058113098144531
0.05656695365905762
0.01633906364440918
0.023194074630737305
0.05161309242248535
0.044715166091918945
0.04097700119018555
0.06216001510620117
0.04358816146850586
0.0563199520111084
0.046173810958862305
0.060111045837402344
0.040628910064697266
0.022153854370117188
0.027379989624023438
0.04434990882873535
0.04892301559448242
0.05022406578063965
0.05433797836303711
0.03078007698059082
0.05460405349731445
0.043924808502197266
0.030033111572265625
0.021374940872192383
0.0674598217010498
0.020339012145996094
0.06106901168823242
0.037446022033691406
0.05718493461608887
0.03502607345581055
0.026437044143676758
0.06695294380187988
0.03879404067993164
0.03266096115112305
0.030953168869018555
0.021722078323364258
0.024049043655395508
0.06812119483947754
0.027972936630249023
0.027012109756469727
0.038214921951293945
0.05112314224243164
0.03792405128479004
0.038149118423461914
0.010098934173583984
0.047776222229003906
0.026879072189331055
0.045770883560180664
0.05421113967895508
0.03747105598449707
0.013529062271118164
0.04355907440185547
0.0437319278717041
0.014050006866455078
0.05934000015258789
0.05878186225891113
0.023446083068847656
0.04456496238708496
0.037712812423706055
0.034867048263549805
0.05295610427856445
0.019407033920288086
0.019995927810668945
0.026092052459716797
0.044972896575927734
0.02221202850341797
0.0314631462097168
0.02251601219177246
0.02213597297668457
0.05208897590637207
0.019884824752807617
0.031130075454711914
0.017900943756103516
0.013881921768188477
0.04272294044494629
0.0338749885559082
0.0572509765625
0.03206300735473633
0.02555394172668457
0.04996991157531738
0.025990962982177734
0.04908895492553711
0.06624388694763184
0.020301103591918945
0.02844095230102539
0.05102682113647461
0.024518966674804688
0.03672504425048828
0.012675046920776367
0.03664088249206543
0.01634502410888672
0.03569817543029785
0.055191993713378906
0.027120113372802734
0.06578588485717773
0.040023088455200195
0.046154022216796875
0.03485298156738281
0.026810169219970703
0.014636039733886719
0.028553009033203125
0.0390779972076416
0.04323911666870117
0.037428855895996094
0.04480099678039551
0.0378880500793457
0.05520987510681152
0.040960073471069336
0.030153989791870117
0.041455984115600586
0.03292202949523926
0.03554177284240723
0.021626949310302734
0.059799909591674805
0.026150941848754883
0.02036309242248535
0.07346510887145996
0.0357670783996582
0.060353994369506836
0.030292034149169922
0.04363393783569336
0.04146885871887207
0.03805804252624512
0.05479097366333008
0.048622846603393555
0.03643298149108887
0.059110164642333984
0.04414510726928711
0.04755997657775879
0.03668689727783203
0.04815101623535156
0.03133988380432129
0.024458885192871094
0.021697998046875
0.030817031860351562
0.02803802490234375
0.04615497589111328
0.04336380958557129
0.02031397819519043
0.04771304130554199
0.0161590576171875
0.02602100372314453
0.02957892417907715
0.05257892608642578
0.0382230281829834
0.045847177505493164
0.03824210166931152
0.05540013313293457
0.04533505439758301
0.03133392333984375
0.016569852828979492
0.034867048263549805
0.04429197311401367
0.05061697959899902
0.023693084716796875
0.04399609565734863
0.027886152267456055
0.05312514305114746
0.03195619583129883
0.027755022048950195
0.021680831909179688
0.0392918586730957
0.05296206474304199
0.04643702507019043
0.04868793487548828
0.04690098762512207
0.04868292808532715
0.037338972091674805
0.0225369930267334
0.054902076721191406
0.04025411605834961
0.030237913131713867
0.020401954650878906
0.03344011306762695
0.012660980224609375
0.019618988037109375
0.043810129165649414
0.034689903259277344
0.03643202781677246
0.049072980880737305
0.024327993392944336
0.03530311584472656
0.03453993797302246
0.03752493858337402
0.05440187454223633
0.053894996643066406
0.026447057723999023
0.015289783477783203
0.01693105697631836
0.01630687713623047
0.05623197555541992
0.010264158248901367
0.013693094253540039
0.04716300964355469
0.04026198387145996
0.04872608184814453
0.07895803451538086
0.0314478874206543
0.06716084480285645
0.0323638916015625
0.041716814041137695
0.03226900100708008
0.05588078498840332
0.03850102424621582
0.049069881439208984
0.02358222007751465
0.04576301574707031
0.04593300819396973
0.06150388717651367
0.047486066818237305
0.051033973693847656
0.03135204315185547
0.050631046295166016
0.012432098388671875
0.04654717445373535
0.026295900344848633
0.040266990661621094
0.04233407974243164
0.02336597442626953
0.0241091251373291
0.03583097457885742
0.028463125228881836
0.048895835876464844
0.03903985023498535
0.01651287078857422
0.025593996047973633
0.01831817626953125
0.03286004066467285
0.05318903923034668
0.042491912841796875
0.0369870662689209
0.026767969131469727
0.05867791175842285
0.0534210205078125
0.06943702697753906
0.02573990821838379
0.03895401954650879
0.016450881958007812
0.04938101768493652
0.036602020263671875
0.03884291648864746
0.034559011459350586
0.022553205490112305
0.014045000076293945
0.022092819213867188
0.04497480392456055
0.053420066833496094
0.03709006309509277
0.07318902015686035
0.06772685050964355
0.03982090950012207
0.029180049896240234
0.04418182373046875
0.034121036529541016
0.0243070125579834
0.014522075653076172
0.05412888526916504
0.037199974060058594
0.023864030838012695
0.06628918647766113
0.03701186180114746
0.030144929885864258
0.02562093734741211
0.030874967575073242
0.016251087188720703
0.034703969955444336
0.04569101333618164
0.05806899070739746
0.02342700958251953
0.04435300827026367
0.0379788875579834
0.05458498001098633
0.030972957611083984
0.06359100341796875
0.03807497024536133
0.05152106285095215
0.012418985366821289
0.028232097625732422
0.03894186019897461
0.02905893325805664
0.0333409309387207
0.013303995132446289
0.022148847579956055
0.038069963455200195
0.048358917236328125
0.04081988334655762
0.052555084228515625
0.06885910034179688
0.045577049255371094
0.04594898223876953
0.05890297889709473
0.03589510917663574
0.016331911087036133
0.05326986312866211
0.04848217964172363
0.033795833587646484
0.028434038162231445
0.03154301643371582
0.021285057067871094
0.03101205825805664
0.023710966110229492
0.03806591033935547
0.04043292999267578
0.03921008110046387
0.024773120880126953
0.051712989807128906
0.04022812843322754
0.03855395317077637
0.04374885559082031
0.025332927703857422
0.014661073684692383
0.030850887298583984
0.0415949821472168
0.04053902626037598
0.010766983032226562
0.03572583198547363
0.04115915298461914
0.039678096771240234
0.06785297393798828
0.03755903244018555
0.048937082290649414
0.04687905311584473
0.05072188377380371
0.054296016693115234
0.04889702796936035
0.010523080825805664
0.05927610397338867
0.04665398597717285
0.021676063537597656
0.04117298126220703
0.023823976516723633
0.038983821868896484
0.030404090881347656
0.04029202461242676
0.038446903228759766
0.04809284210205078
0.06152701377868652
0.02063298225402832
0.03139996528625488
0.01644611358642578
0.033007144927978516
0.01993083953857422
0.021349191665649414
0.030267000198364258
0.04269099235534668
0.0341181755065918
0.015970945358276367
0.03611111640930176
0.02411198616027832
0.0625600814819336
0.040483951568603516
0.03508806228637695
0.055191993713378906
0.03808403015136719
0.03208303451538086
0.00612187385559082
0.030961990356445312
0.05058407783508301
0.015356063842773438
0.041457176208496094
0.036376953125
0.05283689498901367
0.018301010131835938
0.03186607360839844
0.03971695899963379
0.047586917877197266
0.010776996612548828
0.03759884834289551
0.05311393737792969
0.050230979919433594
0.01474308967590332
0.05886697769165039
0.05603194236755371
0.0595400333404541
0.05336594581604004
0.019817113876342773
0.014780998229980469
0.030230998992919922
0.01604485511779785
0.04876708984375
0.014293193817138672
0.0419919490814209
0.04180908203125
0.024405956268310547
0.05715799331665039
0.03581714630126953
0.038197994232177734
0.014959096908569336
0.027845144271850586
0.020053863525390625
0.06630897521972656
0.05318093299865723
0.024303913116455078
0.05679798126220703
0.037138938903808594
0.060685157775878906
0.030609130859375
0.04731392860412598
0.052835941314697266
0.018484830856323242
0.05866408348083496
0.043784141540527344
0.04637598991394043
0.03831911087036133
0.050705909729003906
0.03409099578857422
0.04158782958984375
0.04420304298400879
0.01930403709411621
0.03644895553588867
0.03364896774291992
0.026402950286865234
0.03807187080383301
0.04107499122619629
0.056092023849487305
0.01552891731262207
0.04000687599182129
0.04604911804199219
0.046679019927978516
0.026706933975219727
0.023979902267456055
0.053128957748413086
0.019191980361938477
0.027311086654663086
0.047341108322143555
0.03964686393737793
0.05606389045715332
0.0313410758972168
0.034841060638427734
0.06486701965332031
0.028421878814697266
0.020648956298828125
0.04494881629943848
0.03105306625366211
0.05335187911987305
0.05069303512573242
0.013854026794433594
0.03908109664916992
0.022402048110961914
0.04272818565368652
0.04784703254699707
0.05901980400085449
0.02352118492126465
0.04274797439575195
0.042890071868896484
0.026979923248291016
0.01567697525024414
0.03832411766052246
0.03906702995300293
0.01677083969116211
0.039031982421875
0.03853797912597656
0.05312609672546387
0.04056096076965332
0.045636892318725586
0.06140494346618652
0.029346942901611328
0.0472569465637207
0.04006004333496094
0.03849983215332031
0.0530390739440918
0.030070066452026367
0.05925416946411133
0.04317307472229004
0.04955410957336426
0.012298107147216797
0.054136037826538086
0.01834893226623535
0.0395810604095459
0.05679202079772949
0.030817031860351562
0.04124307632446289
0.03815293312072754
0.024659156799316406
0.04882097244262695
0.03706192970275879
0.02836012840270996
0.0616450309753418
0.03856205940246582
0.048612117767333984
0.051699161529541016
0.028849124908447266
0.03630805015563965
0.04604005813598633
0.029713153839111328
0.04751300811767578
0.035282135009765625
0.061663150787353516
0.02958393096923828
0.0385289192199707
0.014544010162353516
0.04201102256774902
0.034304141998291016
0.04150891304016113
0.0394129753112793
0.04844093322753906
0.02278900146484375
0.041021108627319336
0.032462120056152344
0.03681802749633789
0.016566038131713867
0.011341094970703125
0.055175065994262695
0.022286176681518555
0.019349098205566406
0.05733799934387207
0.057965993881225586
0.037413835525512695
0.04863095283508301
0.015267133712768555
0.02177286148071289
0.03571891784667969
0.03326296806335449
0.03882622718811035
0.031037092208862305
0.01665210723876953
0.04944896697998047
0.04208803176879883
0.04800891876220703
0.03988313674926758
0.03531789779663086
0.054438114166259766
0.02317500114440918
0.02708888053894043
0.03005218505859375
0.017206907272338867
0.05559182167053223
0.03316211700439453
0.03102898597717285
0.012630939483642578
0.036618947982788086
0.04955911636352539
0.04840207099914551
0.05305194854736328
0.04036712646484375
0.03439688682556152
0.04311490058898926
0.0465090274810791
0.01468515396118164
0.017743825912475586
0.013586044311523438
0.02135610580444336
0.05346202850341797
0.06036996841430664
0.045210838317871094
0.025517940521240234
0.03512287139892578
0.045143842697143555
0.05527305603027344
0.039041996002197266
0.03744792938232422
0.013546943664550781
0.01776289939880371
0.03278088569641113
0.036041975021362305
0.046050071716308594
0.027929067611694336
0.0252227783203125
0.025251150131225586
0.0276029109954834
0.033740997314453125
0.029778003692626953
0.006139039993286133
0.018715858459472656
0.017948150634765625
0.005797147750854492
