0.032850027084350586
0.04435896873474121
0.03926706314086914
0.04171895980834961
0.0227510929107666
0.05820298194885254
0.04073810577392578
0.0485079288482666
0.04536700248718262
0.027585983276367188
0.023712873458862305
0.022098064422607422
0.05414390563964844
0.05395007133483887
0.030076026916503906
0.012351036071777344
0.022472858428955078
0.013629913330078125
0.056845903396606445
0.04676198959350586
0.023980140686035156
0.0486140251159668
0.04958701133728027
0.028380155563354492
0.05475592613220215
0.041552066802978516
0.04848194122314453
0.02788400650024414
0.021799087524414062
0.04398393630981445
0.03378891944885254
0.07744002342224121
0.03489494323730469
0.03373312950134277
0.024169921875
0.03283500671386719
0.06487202644348145
0.012418031692504883
0.0516209602355957
0.023933887481689453
0.01936817169189453
0.029474973678588867
0.022304058074951172
0.03582191467285156
0.04188203811645508
0.030354976654052734
0.05685710906982422
0.03986096382141113
0.051431894302368164
0.044133901596069336
0.02802109718322754
0.054280996322631836
0.046743154525756836
0.032071828842163086
0.06477093696594238
0.01730799674987793
0.016708850860595703
0.05128884315490723
0.05558586120605469
0.03696799278259277
0.06389498710632324
0.05794095993041992
0.014959096908569336
0.059413909912109375
0.04164695739746094
0.03628706932067871
0.05548095703125
0.05018281936645508
0.061296939849853516
0.03630685806274414
0.0530238151550293
0.020253896713256836
0.04061603546142578
0.03911590576171875
0.06080198287963867
0.012461185455322266
0.027644872665405273
0.03825998306274414
0.06837701797485352
0.04338788986206055
0.04531502723693848
0.03886103630065918
0.052651166915893555
0.013625860214233398
0.061968088150024414
0.04624795913696289
0.07256293296813965
0.02959609031677246
0.023042917251586914
0.030612945556640625
0.04322385787963867
0.04532599449157715
0.023164033889770508
0.0221860408782959
0.019032001495361328
0.015258073806762695
0.05855298042297363
0.040676116943359375
0.02960205078125
0.04206705093383789
0.022594928741455078
0.015477180480957031
0.04721808433532715
0.06380009651184082
0.035104990005493164
0.027757883071899414
0.02397894859313965
0.025649070739746094
0.015747785568237305
0.03201603889465332
0.017467021942138672
0.019349098205566406
0.05238008499145508
0.05148196220397949
0.03951311111450195
0.026313066482543945
0.06038188934326172
0.029575109481811523
0.03991508483886719
0.03249502182006836
0.04173898696899414
0.02963995933532715
0.04754304885864258
0.047384023666381836
0.015313148498535156
0.05369281768798828
0.039309024810791016
0.025510787963867188
0.047550201416015625
0.019392967224121094
0.051553964614868164
0.03900599479675293
0.0445249080657959
0.04358196258544922
0.03139901161193848
0.04584217071533203
0.05462503433227539
0.03332805633544922
0.03749394416809082
0.015100955963134766
0.026499032974243164
0.04015493392944336
0.05064511299133301
0.05345296859741211
0.04180407524108887
0.02010202407836914
0.01363515853881836
0.029808998107910156
0.021759986877441406
0.015820980072021484
0.014819145202636719
0.05675387382507324
0.022754192352294922
0.052412986755371094
0.020305871963500977
0.06106090545654297
0.06754899024963379
0.01757502555847168
0.045989036560058594
0.040712833404541016
0.03885912895202637
0.0414891242980957
0.014912128448486328
0.03529810905456543
0.02991199493408203
0.03004002571105957
0.02346515655517578
0.053984880447387695
0.01521611213684082
0.05358290672302246
0.034394025802612305
0.025808095932006836
0.03914999961853027
0.023602962493896484
0.042784929275512695
0.06859302520751953
0.051280975341796875
0.05446290969848633
0.05313992500305176
0.052208900451660156
0.01462101936340332
0.018811941146850586
0.026816844940185547
0.04670906066894531
0.039275169372558594
0.035002946853637695
0.033831119537353516
0.03140592575073242
0.01122903823852539
0.059977054595947266
0.03385496139526367
0.012161016464233398
0.034642934799194336
0.026855945587158203
0.04605603218078613
0.03799009323120117
0.04584789276123047
0.05313396453857422
0.04357290267944336
0.016768932342529297
0.023318052291870117
0.0550379753112793
0.0386960506439209
0.03284907341003418
0.030375003814697266
0.05721902847290039
0.052253007888793945
0.03585386276245117
0.03691601753234863
0.04319000244140625
0.03150296211242676
0.040502071380615234
0.05256795883178711
0.05076003074645996
0.04381203651428223
0.013777971267700195
0.030813932418823242
0.0496060848236084
0.021387100219726562
0.03107595443725586
0.06591296195983887
0.048655033111572266
0.038436174392700195
0.05216097831726074
0.06624388694763184
0.05322408676147461
0.01079416275024414
0.05308818817138672
0.03492999076843262
0.03079986572265625
0.03970003128051758
0.04256391525268555
0.04674506187438965
0.022738933563232422
0.05012392997741699
0.02690911293029785
0.013557195663452148
0.04173898696899414
0.03563094139099121
0.03178811073303223
0.0161440372467041
0.017316102981567383
0.013625860214233398
0.03784799575805664
0.029877901077270508
0.0240938663482666
0.061289072036743164
0.05746793746948242
0.02791595458984375
0.014490127563476562
0.04089999198913574
0.030517101287841797
0.02826094627380371
0.03520488739013672
0.03032708168029785
0.046936988830566406
0.04132199287414551
0.04681396484375
0.024587154388427734
0.04848504066467285
0.0533299446105957
0.05553412437438965
0.014459848403930664
0.045410871505737305
0.052169084548950195
0.04356098175048828
0.029666900634765625
0.02650904655456543
0.026417016983032227
0.05441403388977051
0.05581092834472656
0.03165793418884277
0.04917097091674805
0.026381969451904297
0.048551082611083984
0.049989938735961914
0.02822709083557129
0.043022871017456055
0.03361201286315918
0.03920793533325195
0.04373788833618164
0.03989410400390625
0.04353809356689453
0.05052018165588379
0.010058879852294922
0.06220102310180664
0.04865312576293945
0.060951948165893555
0.014567136764526367
0.048573970794677734
0.05043196678161621
0.029527902603149414
0.04067492485046387
0.028533935546875
0.02904987335205078
0.05060720443725586
0.0500330924987793
0.01071786880493164
0.059326887130737305
0.03581380844116211
0.04144096374511719
0.05158281326293945
0.039154052734375
0.05445289611816406
0.03689312934875488
0.029016971588134766
0.049857139587402344
0.04099607467651367
0.01778101921081543
0.0245511531829834
0.028652191162109375
0.027903079986572266
0.04709982872009277
0.02153491973876953
0.04748821258544922
0.048124074935913086
0.044257164001464844
0.01603078842163086
0.046205997467041016
0.014442920684814453
0.04879593849182129
0.012122154235839844
0.049601078033447266
0.022253990173339844
0.026314973831176758
0.06147003173828125
0.05002117156982422
0.05755615234375
0.04538393020629883
0.04352307319641113
0.029069900512695312
0.02912306785583496
0.035423994064331055
0.04992198944091797
0.03162884712219238
0.04583382606506348
0.03608584403991699
0.022921085357666016
0.029232025146484375
0.014988899230957031
0.05222606658935547
0.01812887191772461
0.04572606086730957
0.030264854431152344
0.05838799476623535
0.03283882141113281
0.03919696807861328
0.015897035598754883
0.03468489646911621
0.03744101524353027
0.0458979606628418
0.03862500190734863
0.033625125885009766
0.046141862869262695
0.04005885124206543
0.05516195297241211
0.02384209632873535
0.02436518669128418
0.020467042922973633
0.01444101333618164
0.04381608963012695
0.02315998077392578
0.049432992935180664
0.02190089225769043
0.04340100288391113
0.06173300743103027
0.05237698554992676
0.04078197479248047
0.016383886337280273
0.017655134201049805
0.0235898494720459
0.0377349853515625
0.03760194778442383
0.02707982063293457
0.0391080379486084
0.039140939712524414
0.0390009880065918
0.04210615158081055
0.022800922393798828
0.02201700210571289
0.02398204803466797
0.02292609214782715
0.06595706939697266
0.04251813888549805
0.040892839431762695
0.03333783149719238
0.03613996505737305
0.01655292510986328
0.0273590087890625
0.04243898391723633
0.06981420516967773
0.029530048370361328
0.007842063903808594
0.034796953201293945
0.024558067321777344
0.049874067306518555
0.03546881675720215
0.04915285110473633
0.01510310173034668
0.023736953735351562
0.030623912811279297
0.048236846923828125
0.0361781120300293
0.03940296173095703
0.04948997497558594
0.04054117202758789
0.031395912170410156
0.021811962127685547
0.048332929611206055
0.036036014556884766
0.05699610710144043
0.03491091728210449
0.05327796936035156
0.04711413383483887
0.044523000717163086
0.0298769474029541
0.0431981086730957
0.030206918716430664
0.023182153701782227
0.02451801300048828
0.012208938598632812
0.04668617248535156
0.04628491401672363
0.04777693748474121
0.04014921188354492
0.022320032119750977
0.06944012641906738
0.03983807563781738
0.0364990234375
0.023736953735351562
0.0476839542388916
0.026493072509765625
0.0516209602355957
0.048993825912475586
0.05686378479003906
0.01567697525024414
0.053906917572021484
0.031206846237182617
0.041908979415893555
0.05563712120056152
0.04612898826599121
0.04471588134765625
0.06359481811523438
0.03991413116455078
0.08366513252258301
0.03550219535827637
0.05347895622253418
0.02153801918029785
0.05085396766662598
0.02129197120666504
0.04088282585144043
0.04332900047302246
0.013782024383544922
0.03844308853149414
0.04610013961791992
0.05202484130859375
0.06897783279418945
0.028821945190429688
0.045031070709228516
0.05486893653869629
0.02657485008239746
0.06407594680786133
0.04590797424316406
0.01621699333190918
0.01512598991394043
0.03069281578063965
0.03448891639709473
0.036186933517456055
0.04549813270568848
0.03330707550048828
0.018573999404907227
0.02920818328857422
0.03076004981994629
0.022835969924926758
0.054212093353271484
0.041201114654541016
0.04114794731140137
0.04387402534484863
0.052137136459350586
0.01920485496520996
0.04631304740905762
0.02287006378173828
0.05155205726623535
0.05208897590637207
0.011801958084106445
0.035054922103881836
0.031928062438964844
0.04264092445373535
0.03806185722351074
0.04510807991027832
0.03387594223022461
0.020116806030273438
0.05060291290283203
0.03116011619567871
0.03102421760559082
0.026874780654907227
0.027740001678466797
0.024486064910888672
0.03820013999938965
0.03794097900390625
0.02622199058532715
0.02711009979248047
0.032550811767578125
0.0455019474029541
0.0437929630279541
0.05282187461853027
0.03185296058654785
0.010097980499267578
0.026684999465942383
0.03496813774108887
0.03601503372192383
0.048280954360961914
0.0552220344543457
0.039652109146118164
0.03854703903198242
0.05113697052001953
0.05165886878967285
0.04165506362915039
0.05358600616455078
0.028079986572265625
0.046900033950805664
0.022943973541259766
0.029204845428466797
0.04093599319458008
0.03860878944396973
0.058257102966308594
0.05176806449890137
0.0315251350402832
0.023241043090820312
0.05650186538696289
0.01882004737854004
0.0308377742767334
0.052989959716796875
0.03877091407775879
0.059404850006103516
0.025635957717895508
0.02849292755126953
0.053459882736206055
0.023077964782714844
0.05306291580200195
0.04591798782348633
0.028424978256225586
0.02057790756225586
0.03467988967895508
0.049398183822631836
0.03497314453125
0.054167985916137695
0.05661892890930176
0.028117895126342773
0.054309844970703125
0.019937992095947266
0.02548813819885254
0.04947495460510254
0.032544851303100586
0.008897066116333008
0.036741018295288086
0.04241800308227539
0.03064107894897461
0.054248809814453125
0.019207000732421875
0.04418492317199707
0.041069984436035156
0.018440961837768555
0.035980939865112305
0.04093480110168457
0.04544806480407715
0.01757192611694336
0.0532529354095459
0.05536913871765137
0.05597805976867676
0.05505990982055664
0.041600942611694336
0.047796010971069336
0.06434512138366699
0.037512779235839844
0.03167581558227539
0.04936814308166504
0.0506749153137207
0.051527976989746094
0.034597158432006836
0.02903294563293457
0.03496098518371582
0.0692441463470459
0.05324292182922363
0.0392460823059082
0.03952503204345703
0.05747699737548828
0.011426925659179688
0.04836082458496094
0.025147199630737305
0.04767608642578125
0.02569293975830078
0.04250311851501465
0.006443977355957031
0.018160104751586914
0.02678823471069336
0.038194894790649414
0.02686905860900879
0.03418707847595215
0.02245497703552246
