0.06635904312133789
0.023264169692993164
0.03582191467285156
0.0546879768371582
0.0733039379119873
0.04452800750732422
0.03488302230834961
0.0480351448059082
0.036302804946899414
0.05043816566467285
0.03306007385253906
0.018419981002807617
0.05270981788635254
0.027506113052368164
0.05104494094848633
0.028898954391479492
0.0457608699798584
0.027987957000732422
0.039740800857543945
0.0444188117980957
0.037284135818481445
0.06073713302612305
0.02379298210144043
0.04510211944580078
0.030575037002563477
0.042608022689819336
0.028563976287841797
0.040110111236572266
0.01829695701599121
0.058387041091918945
0.022774934768676758
0.05130314826965332
0.02929997444152832
0.03802204132080078
0.030028104782104492
0.009490013122558594
0.05275702476501465
0.03194713592529297
0.015439033508300781
0.05296611785888672
0.05280709266662598
0.07912898063659668
0.07105183601379395
0.016364097595214844
0.05010104179382324
0.057121992111206055
0.03471994400024414
0.016041994094848633
0.044355154037475586
0.027565956115722656
0.030846834182739258
0.0412440299987793
0.04963803291320801
0.044558048248291016
0.029508113861083984
0.0496220588684082
0.041153907775878906
0.04582691192626953
0.0340731143951416
0.0480499267578125
0.06100201606750488
0.057424068450927734
0.01483917236328125
0.022195100784301758
0.041265010833740234
0.03908801078796387
0.03137087821960449
0.04188084602355957
0.056395769119262695
0.04298090934753418
0.015943050384521484
0.03377890586853027
0.02305889129638672
0.03970599174499512
0.014829874038696289
0.03974604606628418
0.03539013862609863
0.04186391830444336
0.04630112648010254
0.034774065017700195
0.06633400917053223
0.025204896926879883
0.0531768798828125
0.026858091354370117
0.05388998985290527
0.028234004974365234
0.028361082077026367
0.041378021240234375
0.02830982208251953
0.03682994842529297
0.027004003524780273
0.008031845092773438
0.051759958267211914
0.027273893356323242
0.05147814750671387
0.04373502731323242
0.011651992797851562
0.010811090469360352
0.02780604362487793
0.02989792823791504
0.040884971618652344
0.044792890548706055
0.0441591739654541
0.0496370792388916
0.04715299606323242
0.04948902130126953
0.060791015625
0.05745506286621094
0.053460121154785156
0.039765119552612305
0.0392148494720459
0.03967690467834473
0.02264094352722168
0.02719283103942871
0.030675172805786133
0.04612898826599121
0.014180898666381836
0.0351560115814209
0.019470930099487305
0.04168295860290527
0.03721284866333008
0.04283905029296875
0.05427193641662598
0.02589702606201172
0.022644996643066406
0.03898191452026367
0.02752208709716797
0.04879903793334961
0.01810312271118164
0.0485081672668457
0.053678035736083984
0.024754047393798828
0.04102897644042969
0.05390191078186035
0.05361604690551758
0.006124973297119141
0.04913806915283203
0.053542137145996094
0.02573418617248535
0.058051109313964844
0.05341792106628418
0.01981496810913086
0.03561878204345703
0.06317591667175293
0.05395102500915527
0.01651287078857422
0.050863027572631836
0.026498079299926758
0.0384979248046875
0.03766298294067383
0.03818011283874512
0.01779484748840332
0.05004715919494629
0.05416512489318848
0.0458831787109375
0.052375078201293945
0.06441497802734375
0.043467044830322266
0.060667991638183594
0.05011701583862305
0.02304816246032715
0.013644933700561523
0.03751802444458008
0.011603116989135742
0.02664494514465332
0.033651113510131836
0.041177988052368164
0.04246783256530762
0.060923099517822266
0.05899214744567871
0.014431953430175781
0.0433502197265625
0.05067896842956543
0.04891395568847656
0.04895782470703125
0.04527592658996582
0.04381990432739258
0.039734840393066406
0.027374982833862305
0.04685616493225098
0.028512001037597656
0.04307699203491211
0.043382883071899414
0.05166506767272949
0.047891855239868164
0.030375003814697266
0.03822517395019531
0.05974602699279785
0.02126598358154297
0.04966020584106445
0.039895057678222656
0.02321314811706543
0.05303597450256348
0.016465187072753906
0.05143618583679199
0.02729511260986328
0.03353595733642578
0.0383148193359375
0.016351938247680664
0.042257070541381836
0.04871988296508789
0.016598939895629883
0.040632009506225586
0.05253887176513672
0.030689001083374023
0.012624979019165039
0.030061006546020508
0.02335214614868164
0.04497885704040527
0.027504920959472656
0.05021190643310547
0.03577303886413574
0.03072190284729004
0.026771068572998047
0.017882108688354492
0.046124935150146484
0.0330049991607666
0.05532693862915039
0.05596590042114258
0.022636890411376953
0.03791499137878418
0.03919792175292969
0.0238649845123291
0.03748297691345215
0.043901920318603516
0.04169511795043945
0.02449321746826172
0.02759099006652832
0.040390968322753906
0.03491091728210449
0.045660972595214844
0.024569034576416016
0.04785895347595215
0.0300140380859375
0.03420400619506836
0.03744006156921387
0.030194997787475586
0.04926800727844238
0.02347707748413086
0.04353499412536621
0.029103994369506836
0.03497195243835449
0.04897713661193848
0.03884100914001465
0.037097930908203125
0.05364799499511719
0.044467926025390625
0.05282282829284668
0.055127859115600586
0.047309160232543945
0.04452204704284668
0.02925896644592285
0.03849005699157715
0.05050182342529297
0.014269828796386719
0.05839395523071289
0.052114009857177734
0.05344700813293457
0.04694199562072754
0.057942867279052734
0.03590893745422363
0.04910993576049805
0.037672996520996094
0.04089093208312988
0.03267812728881836
0.052877187728881836
0.019598960876464844
0.03375887870788574
0.035060882568359375
0.024115800857543945
0.05265212059020996
0.028755903244018555
0.05259084701538086
0.06801295280456543
0.0471651554107666
0.06131315231323242
0.01719212532043457
0.0595400333404541
0.05434703826904297
0.030106067657470703
0.050900936126708984
0.017575979232788086
0.03545808792114258
0.023819923400878906
0.029050111770629883
0.04886198043823242
0.01486515998840332
0.04563307762145996
0.04924488067626953
0.016536951065063477
0.05319714546203613
0.016730070114135742
0.05183291435241699
0.03769993782043457
0.034353017807006836
0.07542204856872559
0.05779385566711426
0.06329894065856934
0.03158402442932129
0.046269893646240234
0.015218973159790039
0.04361987113952637
0.06335806846618652
0.017522096633911133
0.024631977081298828
0.033490896224975586
0.035058021545410156
0.06966686248779297
0.014355897903442383
0.038984060287475586
0.042572975158691406
0.048924922943115234
0.027354001998901367
0.03075385093688965
0.03125810623168945
0.02950286865234375
0.03057098388671875
0.04523611068725586
0.05154109001159668
0.0539860725402832
0.04011392593383789
0.011078834533691406
0.055387020111083984
0.0202028751373291
0.040505170822143555
0.028558015823364258
0.02036595344543457
0.046891212463378906
0.02221989631652832
0.057530879974365234
0.05025291442871094
0.03969717025756836
0.02399301528930664
0.030171871185302734
0.0517878532409668
0.02599501609802246
0.06368207931518555
0.056852102279663086
0.05359387397766113
0.026669979095458984
0.0543980598449707
0.01715397834777832
0.060853004455566406
0.05299997329711914
0.060871124267578125
0.048789024353027344
0.01666092872619629
0.031835079193115234
0.050504207611083984
0.024264812469482422
0.051705121994018555
0.04670000076293945
0.010570049285888672
0.034336090087890625
0.045478105545043945
0.06181001663208008
0.053070068359375
0.0530698299407959
0.06603503227233887
0.01481008529663086
0.05425715446472168
0.0428919792175293
0.04940509796142578
0.04923391342163086
0.02559494972229004
0.0162050724029541
0.038789987564086914
0.026096105575561523
0.0398099422454834
0.01341700553894043
0.02252483367919922
0.03559994697570801
0.06199502944946289
0.019798994064331055
0.05272698402404785
0.04899191856384277
0.027552127838134766
0.034976959228515625
0.05071306228637695
0.01497197151184082
0.03695106506347656
0.02787303924560547
0.016309022903442383
0.060575008392333984
0.027029991149902344
0.0445399284362793
0.024382829666137695
0.03985595703125
0.030273914337158203
0.03490495681762695
0.042903900146484375
0.06053495407104492
0.05438685417175293
0.03165483474731445
0.056890010833740234
0.027192115783691406
0.04561209678649902
0.050737857818603516
0.05183696746826172
0.036431074142456055
0.031282901763916016
0.0369420051574707
0.045320987701416016
0.03549790382385254
0.03678584098815918
0.04032301902770996
0.026890039443969727
0.043367862701416016
0.008270978927612305
0.049504995346069336
0.04767203330993652
0.04071402549743652
0.04019904136657715
0.053803205490112305
0.029590845108032227
0.019098997116088867
0.034835100173950195
0.053735971450805664
0.04794120788574219
0.042533159255981445
0.04222679138183594
0.043591976165771484
0.0584869384765625
0.03241705894470215
0.04729580879211426
0.030595064163208008
0.023504972457885742
0.024371862411499023
0.05318188667297363
0.02332305908203125
0.04558706283569336
0.042426109313964844
0.027740955352783203
0.03034806251525879
0.020550012588500977
0.026067018508911133
0.04543495178222656
0.028771162033081055
0.019192934036254883
0.030546903610229492
0.029417991638183594
0.050683021545410156
0.02716803550720215
0.03306889533996582
0.016499042510986328
0.04365992546081543
0.03718900680541992
0.022461891174316406
0.03402090072631836
0.04487490653991699
0.04628801345825195
0.052996158599853516
0.017980098724365234
0.053758859634399414
0.08173012733459473
0.04607701301574707
0.01462101936340332
0.047271013259887695
0.028656005859375
0.06107497215270996
0.07195591926574707
0.025215864181518555
0.02374100685119629
0.036160945892333984
0.04534316062927246
0.031017065048217773
0.019960880279541016
0.01753091812133789
0.05237984657287598
0.06709003448486328
0.026715993881225586
0.014965057373046875
0.04040694236755371
0.05616617202758789
0.019684791564941406
0.04578900337219238
0.057127952575683594
0.04858207702636719
0.04593992233276367
0.035917043685913086
0.04380297660827637
0.04015183448791504
0.052980899810791016
0.01835918426513672
0.039585113525390625
0.04017305374145508
0.025400161743164062
0.038755178451538086
0.037567853927612305
0.03786587715148926
0.04987311363220215
0.043177127838134766
0.022402048110961914
0.04537796974182129
0.030677080154418945
0.03804492950439453
0.04926586151123047
0.02706313133239746
0.03831291198730469
0.030928850173950195
0.04095101356506348
0.026569843292236328
0.02222585678100586
0.03084397315979004
0.03608298301696777
0.03230786323547363
0.0552670955657959
0.03950095176696777
0.01864910125732422
0.04604291915893555
0.03927183151245117
0.052597999572753906
0.05729317665100098
0.04336714744567871
0.046083927154541016
0.062091827392578125
0.04534101486206055
0.04925704002380371
0.024250030517578125
0.05596518516540527
0.04976701736450195
0.08302092552185059
0.05274605751037598
0.04624009132385254
0.034232139587402344
0.05306220054626465
0.030819177627563477
0.0286710262298584
0.03422808647155762
0.02850198745727539
0.022181034088134766
0.06221199035644531
0.05358576774597168
0.041445016860961914
0.047332048416137695
0.06570196151733398
0.04565596580505371
0.055075883865356445
0.04173707962036133
0.06400394439697266
0.04586505889892578
0.04530191421508789
0.03841090202331543
0.02446889877319336
0.04916191101074219
0.031070947647094727
0.04531502723693848
0.05697798728942871
0.05616617202758789
0.03987908363342285
0.018188953399658203
0.05242109298706055
0.048625946044921875
0.026719093322753906
0.018754005432128906
0.06370902061462402
0.044348955154418945
0.01400899887084961
0.0325930118560791
0.030065059661865234
0.026108980178833008
0.050598859786987305
0.033312082290649414
0.04073500633239746
0.04239702224731445
0.031170129776000977
0.04555392265319824
0.06470108032226562
0.04650306701660156
0.031919002532958984
0.04709815979003906
0.0542149543762207
0.03753805160522461
0.014225006103515625
0.01858806610107422
0.06095480918884277
0.020351171493530273
0.04247307777404785
0.04395699501037598
0.06751799583435059
0.05374598503112793
0.05969595909118652
0.04098916053771973
0.021665096282958984
0.02433609962463379
0.06026601791381836
0.033125877380371094
0.047892093658447266
0.015669822692871094
0.028776884078979492
0.030185937881469727
0.03177905082702637
0.043292999267578125
0.04298901557922363
0.03283882141113281
0.024401187896728516
0.03016209602355957
0.03168892860412598
0.011430978775024414
0.035662174224853516
