0.04085993766784668
0.045081138610839844
0.039834022521972656
0.033921003341674805
0.058389902114868164
0.031411170959472656
0.04998588562011719
0.02462005615234375
0.030983924865722656
0.04835987091064453
0.02004098892211914
0.05136609077453613
0.016456127166748047
0.026593923568725586
0.03404402732849121
0.020065784454345703
0.05344700813293457
0.015522003173828125
0.04029083251953125
0.02296304702758789
0.05307292938232422
0.04951596260070801
0.0561370849609375
0.040151119232177734
0.045060157775878906
0.023046016693115234
0.03014397621154785
0.05082893371582031
0.05296802520751953
0.029835224151611328
0.04151201248168945
0.0355989933013916
0.04243803024291992
0.04104804992675781
0.02134990692138672
0.03069901466369629
0.040171146392822266
0.01501607894897461
0.02657294273376465
0.0333399772644043
0.021834135055541992
0.04739785194396973
0.04169797897338867
0.023756980895996094
0.044798851013183594
0.054609060287475586
0.04018211364746094
0.013031005859375
0.0454258918762207
0.053939104080200195
0.048341989517211914
0.05039095878601074
0.05478191375732422
0.02580094337463379
0.05394101142883301
0.03605008125305176
0.05417490005493164
0.0512239933013916
0.03931689262390137
0.043699026107788086
0.027508974075317383
0.043910980224609375
0.03761100769042969
0.04238581657409668
0.03168010711669922
0.045577049255371094
0.04121804237365723
0.016208171844482422
0.018364906311035156
0.051737070083618164
0.03355813026428223
0.040528059005737305
0.026838064193725586
0.044934988021850586
0.05340909957885742
0.032608985900878906
0.03205299377441406
0.05439901351928711
0.02819991111755371
0.059091806411743164
0.05660200119018555
0.036401987075805664
0.030220985412597656
0.0501859188079834
0.058852195739746094
0.05598902702331543
0.03848981857299805
0.03485512733459473
0.023965835571289062
0.040048837661743164
0.030766963958740234
0.04028201103210449
0.03271079063415527
0.05209612846374512
0.041419029235839844
0.0429689884185791
0.030749082565307617
0.03495192527770996
0.03965902328491211
0.04829597473144531
0.06611299514770508
0.03263497352600098
0.020014047622680664
0.040461063385009766
0.05684614181518555
0.04880809783935547
0.022581100463867188
0.02467489242553711
0.02445697784423828
0.04705309867858887
0.020859956741333008
0.015805959701538086
0.06286215782165527
0.043478965759277344
0.04619908332824707
0.0513911247253418
0.058090925216674805
0.016222000122070312
0.028399944305419922
0.048909902572631836
0.019856929779052734
0.03308296203613281
0.006991863250732422
0.028007030487060547
0.03498101234436035
0.014163017272949219
0.027390003204345703
0.0562441349029541
0.0517420768737793
0.016469955444335938
0.03887510299682617
0.05038881301879883
0.03000617027282715
0.019387006759643555
0.019807815551757812
0.051158905029296875
0.028580904006958008
0.0219419002532959
0.045970916748046875
0.03365802764892578
0.037480831146240234
0.05042219161987305
0.046354055404663086
0.038802146911621094
0.01800704002380371
0.0223081111907959
0.0448760986328125
0.023081064224243164
0.037480831146240234
0.050005197525024414
0.03785300254821777
0.05809211730957031
0.05289793014526367
0.06823992729187012
0.05800604820251465
0.03758406639099121
0.04172086715698242
0.03232884407043457
0.016154050827026367
0.05639910697937012
0.038269996643066406
0.04339313507080078
0.021739959716796875
0.033345937728881836
0.021745920181274414
0.03040313720703125
0.015453815460205078
0.012173891067504883
0.04196500778198242
0.02931380271911621
0.03034687042236328
0.02408003807067871
0.02406477928161621
0.03156900405883789
0.03961896896362305
0.04170083999633789
0.05362415313720703
0.056696176528930664
0.045915842056274414
0.013424158096313477
0.03622889518737793
0.01912093162536621
0.04627704620361328
0.041281938552856445
0.011595010757446289
0.05350303649902344
0.05604195594787598
0.053106069564819336
0.047280073165893555
0.05033111572265625
0.051477909088134766
0.05750298500061035
0.05654001235961914
0.029174089431762695
0.0579681396484375
0.055773019790649414
0.022045135498046875
0.06025815010070801
0.02337503433227539
0.031733036041259766
0.03588294982910156
0.05630207061767578
0.01844191551208496
0.05413007736206055
0.0402531623840332
0.008542060852050781
0.015049934387207031
0.036895036697387695
0.06000804901123047
0.05663800239562988
0.01771402359008789
0.0376589298248291
0.04156184196472168
0.046536922454833984
0.03861093521118164
0.020580053329467773
0.021221160888671875
0.05947518348693848
0.037468910217285156
0.05702996253967285
0.03555011749267578
0.011983156204223633
0.06247901916503906
0.036006927490234375
0.03841805458068848
0.016635894775390625
0.04108715057373047
0.02960991859436035
0.033648014068603516
0.05728411674499512
0.0331730842590332
0.04091310501098633
0.063323974609375
0.0603640079498291
0.024059057235717773
0.016616106033325195
0.017509937286376953
0.04529905319213867
0.021682024002075195
0.026799917221069336
0.011213064193725586
0.04473614692687988
0.06153512001037598
0.038671016693115234
0.036004066467285156
0.011034965515136719
0.04978299140930176
0.06087803840637207
0.03170514106750488
0.02864384651184082
0.03551793098449707
0.040756940841674805
0.03313708305358887
0.027419090270996094
0.03135204315185547
0.02507781982421875
0.027625083923339844
0.024029970169067383
0.03262805938720703
0.03281998634338379
0.028304100036621094
0.015011072158813477
0.05356907844543457
0.053735971450805664
0.03732585906982422
0.052854061126708984
0.020340919494628906
0.033416032791137695
0.053613901138305664
0.018645048141479492
0.047698020935058594
0.034974098205566406
0.01435399055480957
0.052095890045166016
0.024618864059448242
0.04745602607727051
0.03538990020751953
0.03170204162597656
0.06728506088256836
0.02204418182373047
0.03766012191772461
0.016262054443359375
0.03838086128234863
0.047338008880615234
0.030812978744506836
0.04702496528625488
0.030704021453857422
0.017104148864746094
0.04025578498840332
0.04523491859436035
0.04546308517456055
0.0365450382232666
0.054283857345581055
0.029694080352783203
0.04560995101928711
0.047167062759399414
0.05341315269470215
0.04989790916442871
0.03687596321105957
0.05160808563232422
0.0495610237121582
0.03811502456665039
0.024020910263061523
0.03474688529968262
0.04212594032287598
0.024029970169067383
0.028423070907592773
0.06116008758544922
0.034993886947631836
0.05381202697753906
0.03544783592224121
0.049094200134277344
0.03664708137512207
0.04711604118347168
0.02872610092163086
0.02902698516845703
0.04710721969604492
0.03354310989379883
0.05586385726928711
0.025348901748657227
0.02428603172302246
0.03773903846740723
0.05973196029663086
0.014337778091430664
0.049607038497924805
0.04100394248962402
0.039031982421875
0.05006814002990723
0.04907488822937012
0.023221969604492188
0.04118609428405762
0.05321002006530762
0.0633399486541748
0.03802299499511719
0.032733917236328125
0.02474212646484375
0.032234907150268555
0.0462648868560791
0.03564906120300293
0.05065011978149414
0.040354013442993164
0.06236100196838379
0.04906105995178223
0.04500603675842285
0.026510953903198242
0.06969785690307617
0.0196530818939209
0.01783299446105957
0.052488088607788086
0.013813018798828125
0.024411916732788086
0.02418994903564453
0.0243070125579834
0.06251907348632812
0.04369807243347168
0.02501392364501953
0.057394981384277344
0.0276031494140625
0.03338909149169922
0.04447197914123535
0.05167698860168457
0.0469510555267334
0.025719881057739258
0.03867506980895996
0.053598880767822266
0.046974897384643555
0.05408501625061035
0.021502971649169922
0.03381204605102539
0.024291038513183594
0.021622180938720703
0.021270036697387695
0.03787398338317871
0.04863095283508301
0.028339862823486328
0.049655914306640625
0.03138899803161621
0.03460097312927246
0.03078293800354004
0.05052304267883301
0.036047935485839844
0.014488935470581055
0.04483509063720703
0.018620967864990234
0.024791955947875977
0.020411968231201172
0.0174560546875
0.043649911880493164
0.06511116027832031
0.05293393135070801
0.046540021896362305
0.031126022338867188
0.04960894584655762
0.056967973709106445
0.05442214012145996
0.042803049087524414
0.061547040939331055
0.022302865982055664
0.023445844650268555
0.03133797645568848
0.027688026428222656
0.030169963836669922
0.02578902244567871
0.04931497573852539
0.049536943435668945
0.038339853286743164
0.05453681945800781
0.03482198715209961
0.05566096305847168
0.031000137329101562
0.029625892639160156
0.0328059196472168
0.018614768981933594
0.00633692741394043
0.05338001251220703
0.054776906967163086
0.08122396469116211
0.04278898239135742
0.06429505348205566
0.018800020217895508
0.04917287826538086
0.03333902359008789
0.028910160064697266
0.01617288589477539
0.055930137634277344
0.01512908935546875
0.051753997802734375
0.04427289962768555
0.02397608757019043
0.05712103843688965
0.033952951431274414
0.04108119010925293
0.05140805244445801
0.022127866744995117
0.045449018478393555
0.042799949645996094
0.037297964096069336
0.03179287910461426
0.0274960994720459
0.023929119110107422
0.0536649227142334
0.03304100036621094
0.049391984939575195
0.03963899612426758
0.015228986740112305
0.057808876037597656
0.04881882667541504
0.02077507972717285
0.02793097496032715
0.03921198844909668
0.01535797119140625
0.037567138671875
0.02177596092224121
0.02118086814880371
0.053073883056640625
0.054264068603515625
0.02351999282836914
0.01759481430053711
0.06563711166381836
0.03883099555969238
0.03163790702819824
0.016396045684814453
0.02928304672241211
0.04991793632507324
0.04005885124206543
0.022289037704467773
0.022655963897705078
0.04706907272338867
0.030488967895507812
0.054112911224365234
0.052757978439331055
0.04687213897705078
0.01912713050842285
0.0368800163269043
0.02762007713317871
0.04457402229309082
0.030569076538085938
0.07689809799194336
0.025321006774902344
0.018865108489990234
0.022650957107543945
0.014901876449584961
0.03394794464111328
0.02781391143798828
0.028213977813720703
0.06346797943115234
0.04457998275756836
0.03504204750061035
0.048171043395996094
0.02655482292175293
0.027776002883911133
0.03519892692565918
0.0528719425201416
0.04978585243225098
0.01995706558227539
0.04088401794433594
0.03982901573181152
0.019304990768432617
0.040940046310424805
0.022922992706298828
0.030742883682250977
0.06511306762695312
0.055999040603637695
0.03096604347229004
0.054908037185668945
0.030408859252929688
0.05057811737060547
0.04064583778381348
0.05178713798522949
0.05470418930053711
0.02388310432434082
0.06896495819091797
0.03580808639526367
0.022546052932739258
0.023411035537719727
0.04502606391906738
0.03238105773925781
0.04440188407897949
0.055451154708862305
0.017811059951782227
0.011834144592285156
0.05092120170593262
0.05002403259277344
0.023006916046142578
0.0424962043762207
0.031980037689208984
0.039736032485961914
0.03297686576843262
0.019925832748413086
0.048004865646362305
0.016038894653320312
0.04675793647766113
0.05537676811218262
0.017876148223876953
0.018313884735107422
0.03810310363769531
0.02766895294189453
0.045861005783081055
0.04940605163574219
0.04186511039733887
0.03211808204650879
0.04614996910095215
0.05438995361328125
0.0182950496673584
0.049401044845581055
0.05245685577392578
0.028767824172973633
0.018728017807006836
0.03184008598327637
0.040943145751953125
0.04576587677001953
0.03080916404724121
0.06892204284667969
0.04735302925109863
0.045680999755859375
0.0315549373626709
0.05077481269836426
0.04695296287536621
0.03607892990112305
0.044909000396728516
0.04671001434326172
0.04748797416687012
0.04574298858642578
0.044085025787353516
0.028494834899902344
0.0219419002532959
0.04193687438964844
0.033338069915771484
0.026368141174316406
0.030398845672607422
0.0330350399017334
0.037301063537597656
0.03992509841918945
0.05534005165100098
0.0543520450592041
0.05050206184387207
0.03447413444519043
0.03543901443481445
0.05307507514953613
0.05140209197998047
0.04822111129760742
0.011990070343017578
0.02042698860168457
0.04553103446960449
0.029330968856811523
0.04045820236206055
0.06121397018432617
0.02368903160095215
0.04762983322143555
0.044329166412353516
0.02913379669189453
0.0193939208984375
0.031065940856933594
0.03339409828186035
0.027833938598632812
0.022583961486816406
0.022849082946777344
0.02108907699584961
0.02044200897216797
0.022481918334960938
