0.06822514533996582
0.05661892890930176
0.037062883377075195
0.024446964263916016
0.02983713150024414
0.040380001068115234
0.031209945678710938
0.022531986236572266
0.057585954666137695
0.05679798126220703
0.055396080017089844
0.05550384521484375
0.014104127883911133
0.011300086975097656
0.013910055160522461
0.051286935806274414
0.039637088775634766
0.05024886131286621
0.02926492691040039
0.0712890625
0.049562931060791016
0.04609417915344238
0.04090094566345215
0.03271985054016113
0.051702022552490234
0.03838610649108887
0.048950910568237305
0.026192903518676758
0.050692081451416016
0.014378786087036133
0.048078060150146484
0.05250096321105957
0.04973101615905762
0.036186933517456055
0.03811311721801758
0.040574073791503906
0.044061899185180664
0.014059066772460938
0.050202131271362305
0.03736305236816406
0.016299009323120117
0.04710197448730469
0.019407987594604492
0.05070614814758301
0.05720806121826172
0.04725003242492676
0.03591299057006836
0.051167964935302734
0.017879962921142578
0.03595590591430664
0.04962897300720215
0.06274008750915527
0.008114099502563477
0.023991107940673828
0.03352189064025879
0.024111032485961914
0.020487070083618164
0.034857988357543945
0.03420710563659668
0.042266130447387695
0.04570794105529785
0.019835948944091797
0.045686960220336914
0.020320892333984375
0.04524087905883789
0.04603099822998047
0.0159761905670166
0.03476905822753906
0.059068918228149414
0.010064125061035156
0.048705101013183594
0.034815073013305664
0.032377004623413086
0.01884007453918457
0.007992029190063477
0.05715513229370117
0.046312808990478516
0.028183937072753906
0.05647587776184082
0.053781986236572266
0.029175996780395508
0.05153703689575195
0.042697906494140625
0.04058098793029785
0.028683900833129883
0.024286985397338867
0.052886009216308594
0.027159929275512695
0.054766178131103516
0.0245211124420166
0.027999162673950195
0.04077792167663574
0.01344609260559082
0.02046990394592285
0.038545846939086914
0.06114602088928223
0.0645439624786377
0.05662894248962402
0.05721902847290039
0.05293011665344238
0.06837892532348633
0.049794912338256836
0.041394948959350586
0.03240203857421875
0.03224802017211914
0.04229879379272461
0.0264279842376709
0.05135512351989746
0.02393794059753418
0.037648916244506836
0.03496193885803223
0.024012088775634766
0.05631589889526367
0.0475621223449707
0.0470120906829834
0.05821490287780762
0.04237198829650879
0.020373821258544922
0.058830976486206055
0.02450704574584961
0.04893207550048828
0.05199289321899414
0.029467105865478516
0.044569969177246094
0.050495147705078125
0.0202639102935791
0.046090126037597656
0.021749019622802734
0.03852391242980957
0.03398895263671875
0.05284881591796875
0.027354955673217773
0.05118203163146973
0.061305999755859375
0.02259516716003418
0.02065420150756836
0.041944026947021484
0.015302896499633789
0.059629201889038086
0.05349087715148926
0.06101799011230469
0.0378568172454834
0.056981801986694336
0.042825937271118164
0.019317150115966797
0.04085206985473633
0.06052994728088379
0.02684617042541504
0.06948089599609375
0.03173208236694336
0.03201007843017578
0.04507899284362793
0.04968118667602539
0.054978132247924805
0.010764122009277344
0.040313005447387695
0.04047107696533203
0.040971994400024414
0.019398927688598633
0.017972946166992188
0.0558168888092041
0.029591083526611328
0.02039504051208496
0.01956009864807129
0.02061915397644043
0.03837704658508301
0.03597712516784668
0.012359857559204102
0.01831793785095215
0.031423091888427734
0.054818153381347656
0.03376603126525879
0.02894306182861328
0.04907488822937012
0.0413360595703125
0.059797048568725586
0.019418001174926758
0.03028392791748047
0.02461099624633789
0.049369096755981445
0.02026081085205078
0.037915945053100586
0.049726009368896484
0.02724313735961914
0.016401052474975586
0.018947124481201172
0.03473091125488281
0.04490804672241211
0.03219890594482422
0.04951310157775879
0.033950090408325195
0.03189492225646973
0.034506797790527344
0.015675067901611328
0.05478501319885254
0.040895938873291016
0.0327301025390625
0.037580013275146484
0.045660972595214844
0.04209184646606445
0.027829885482788086
0.01456904411315918
0.034668922424316406
0.050952911376953125
0.05049586296081543
0.05335593223571777
0.05101490020751953
0.05356478691101074
0.04509305953979492
0.019348859786987305
0.014474868774414062
0.015110969543457031
0.015432119369506836
0.03963804244995117
0.055532217025756836
0.03788304328918457
0.03912997245788574
0.03366899490356445
0.05311894416809082
0.05598092079162598
0.042035818099975586
0.02415299415588379
0.0723569393157959
0.053611040115356445
0.02469015121459961
0.024018049240112305
0.020704984664916992
0.03161287307739258
0.022889137268066406
0.04558086395263672
0.041784048080444336
0.04505014419555664
0.012092828750610352
0.027638912200927734
0.039244890213012695
0.015072822570800781
0.05032706260681152
0.03319501876831055
0.019218921661376953
0.023765087127685547
0.03559994697570801
0.0369420051574707
0.019894838333129883
0.05529189109802246
0.016111135482788086
0.04708385467529297
0.0186769962310791
0.0231170654296875
0.03978991508483887
0.03306889533996582
0.021167993545532227
0.06082296371459961
0.04932284355163574
0.04053997993469238
0.04847407341003418
0.012043952941894531
0.04026603698730469
0.034271955490112305
0.05360603332519531
0.035481929779052734
0.0635979175567627
0.0483090877532959
0.04722905158996582
0.03668808937072754
0.038902997970581055
0.04970407485961914
0.03634500503540039
0.04862093925476074
0.0360410213470459
0.04468703269958496
0.03619098663330078
0.04973196983337402
0.033540964126586914
0.0398259162902832
0.03693985939025879
0.06090903282165527
0.02125406265258789
0.03804802894592285
0.05192089080810547
0.04378104209899902
0.03454780578613281
0.04119992256164551
0.03754305839538574
0.03462505340576172
0.03846383094787598
0.04173707962036133
0.03217887878417969
0.036219120025634766
0.052330970764160156
0.03231191635131836
0.030615806579589844
0.03531002998352051
0.05401802062988281
0.016474008560180664
0.030916929244995117
0.0377039909362793
0.0507960319519043
0.030575037002563477
0.05528593063354492
0.04596900939941406
0.00763392448425293
0.054422855377197266
0.028690814971923828
0.03511190414428711
0.02800297737121582
0.038403987884521484
0.0484929084777832
0.05612897872924805
0.03973579406738281
0.04840397834777832
0.014602184295654297
0.04527592658996582
0.04244208335876465
0.04242205619812012
0.02887415885925293
0.04509401321411133
0.03643393516540527
0.038410186767578125
0.044389963150024414
0.057305097579956055
0.051139116287231445
0.026054859161376953
0.05217599868774414
0.023975849151611328
0.048944950103759766
0.008621931076049805
0.027711868286132812
0.03368782997131348
0.04418683052062988
0.015681982040405273
0.04761695861816406
0.031095027923583984
0.03090500831604004
0.012118101119995117
0.046955108642578125
0.07287788391113281
0.04924607276916504
0.04721498489379883
0.03720998764038086
0.043311119079589844
0.032193899154663086
0.04702901840209961
0.009350061416625977
0.031176090240478516
0.053164005279541016
0.04893207550048828
0.05104994773864746
0.018592119216918945
0.04051089286804199
0.04384303092956543
0.0482177734375
0.016698122024536133
0.05396604537963867
0.03255605697631836
0.02501511573791504
0.047779083251953125
0.018332958221435547
0.052896976470947266
0.06933212280273438
0.02522110939025879
0.035726070404052734
0.0577850341796875
0.04130983352661133
0.02431797981262207
0.06935715675354004
0.047369956970214844
0.03983187675476074
0.05816984176635742
0.03866100311279297
0.04540896415710449
0.03963899612426758
0.055043935775756836
0.022030115127563477
0.050897836685180664
0.031131982803344727
0.04524111747741699
0.02247309684753418
0.04085493087768555
0.041268110275268555
0.06209516525268555
0.03920292854309082
0.016143083572387695
0.034706830978393555
0.040148019790649414
0.0077381134033203125
0.015180110931396484
0.021039962768554688
0.014570951461791992
0.04230499267578125
0.05542492866516113
0.0387880802154541
0.045877933502197266
0.016453981399536133
0.03923988342285156
0.02854609489440918
0.028065919876098633
0.03843283653259277
0.0281069278717041
0.021018028259277344
0.04398512840270996
0.05948591232299805
0.06518316268920898
0.0347900390625
0.05084800720214844
0.03793001174926758
0.03497600555419922
0.03678011894226074
0.041687965393066406
0.016196012496948242
0.05795788764953613
0.04691505432128906
0.023841142654418945
0.06042814254760742
0.034935951232910156
0.032080888748168945
0.05376720428466797
0.04062795639038086
0.03217601776123047
0.007735013961791992
0.04700899124145508
0.05353903770446777
0.04041910171508789
0.026380062103271484
0.0398252010345459
0.05196404457092285
0.05428791046142578
0.04265999794006348
0.05512499809265137
0.0464320182800293
0.03226208686828613
0.04974508285522461
0.03971576690673828
0.03797316551208496
0.04590797424316406
0.03244805335998535
0.02830195426940918
0.04909396171569824
0.047013044357299805
0.03297996520996094
0.016654014587402344
0.01958608627319336
0.02346181869506836
0.014592885971069336
0.056062936782836914
0.031236886978149414
0.02998805046081543
0.03952789306640625
0.029582977294921875
0.042855024337768555
0.04958605766296387
0.0432741641998291
0.04941892623901367
0.05663609504699707
0.051239967346191406
0.016621112823486328
0.04932689666748047
0.04917001724243164
0.03841710090637207
0.044801950454711914
0.027220964431762695
0.04329109191894531
0.03869891166687012
0.01406097412109375
0.03724479675292969
0.023747920989990234
0.0421299934387207
0.02821207046508789
0.052886962890625
0.04282093048095703
0.05383491516113281
0.04506111145019531
0.03149890899658203
0.057984113693237305
0.05912899971008301
0.01464700698852539
0.0413820743560791
0.0326077938079834
0.04515504837036133
0.02211904525756836
0.03559398651123047
0.030331134796142578
0.038453102111816406
0.03339886665344238
0.04780101776123047
0.04896402359008789
0.05571794509887695
0.028123855590820312
0.04310798645019531
0.04038286209106445
0.05220603942871094
0.03662300109863281
0.022334814071655273
0.04639697074890137
0.03910183906555176
0.015759944915771484
0.05125689506530762
0.021673917770385742
0.026538848876953125
0.016844987869262695
0.050817012786865234
0.03593301773071289
0.05132102966308594
0.052529096603393555
0.02837514877319336
0.04041910171508789
0.016222000122070312
0.0363011360168457
0.052455902099609375
0.045784950256347656
0.045298099517822266
0.059819936752319336
0.026798009872436523
0.03583192825317383
0.026679039001464844
0.040334224700927734
0.013396978378295898
0.03191494941711426
0.04751110076904297
0.03257608413696289
0.03702998161315918
0.03263998031616211
0.02898097038269043
0.02280402183532715
0.02047586441040039
0.04299116134643555
0.051087141036987305
0.030851125717163086
0.04114699363708496
0.016730070114135742
0.026092052459716797
0.04608607292175293
0.024466991424560547
0.026673078536987305
0.03369593620300293
0.03300786018371582
0.06319093704223633
0.05285215377807617
0.04446816444396973
0.052104949951171875
0.037880897521972656
0.024925947189331055
0.04366588592529297
0.04223203659057617
0.06820821762084961
0.05703091621398926
0.05428290367126465
0.05734682083129883
0.0404660701751709
0.050354957580566406
0.05402994155883789
0.031197071075439453
0.02882099151611328
0.014455080032348633
0.016474008560180664
0.029827117919921875
0.051988840103149414
0.015720129013061523
0.03509187698364258
0.0416259765625
0.023885011672973633
0.04656791687011719
0.014703035354614258
0.055307865142822266
0.051867008209228516
0.02323293685913086
0.03168916702270508
0.05808687210083008
0.03852510452270508
0.052720069885253906
0.06116914749145508
0.019459962844848633
0.06528496742248535
0.04267406463623047
0.03851914405822754
0.03261399269104004
0.020156145095825195
0.04999685287475586
0.04164600372314453
0.06135106086730957
0.04982590675354004
0.05369710922241211
0.0422821044921875
0.016659021377563477
0.059237003326416016
0.05888199806213379
0.027793169021606445
0.04148292541503906
0.04563093185424805
0.051550865173339844
0.02115488052368164
0.05534696578979492
0.03432106971740723
0.04021906852722168
0.018893957138061523
0.03927803039550781
0.042109012603759766
0.01923990249633789
0.023686885833740234
0.028476953506469727
0.02321314811706543
