0.05004310607910156
0.03767895698547363
0.045044898986816406
0.025228023529052734
0.013204097747802734
0.024897098541259766
0.020488977432250977
0.04418492317199707
0.031504154205322266
0.01583099365234375
0.05092191696166992
0.04488706588745117
0.04022693634033203
0.05051994323730469
0.04893684387207031
0.03638911247253418
0.04025697708129883
0.03893685340881348
0.039237022399902344
0.03741788864135742
0.03068399429321289
0.03741192817687988
0.06509995460510254
0.02790689468383789
0.022134065628051758
0.04912590980529785
0.04499983787536621
0.05505704879760742
0.05167102813720703
0.029414892196655273
0.009538888931274414
0.02998495101928711
0.03185892105102539
0.019587993621826172
0.05112886428833008
0.06591391563415527
0.04894304275512695
0.03381919860839844
0.04925799369812012
0.020669937133789062
0.027979135513305664
0.04910898208618164
0.026433944702148438
0.04329705238342285
0.04003500938415527
0.03816699981689453
0.02932906150817871
0.045538902282714844
0.062185049057006836
0.0338292121887207
0.04774618148803711
0.049591064453125
0.024212121963500977
0.014632940292358398
0.0419309139251709
0.036592960357666016
0.03711700439453125
0.03976702690124512
0.017052888870239258
0.04883694648742676
0.020292043685913086
0.02010488510131836
0.02188897132873535
0.04627108573913574
0.03412914276123047
0.040457963943481445
0.030089855194091797
0.045866966247558594
0.02400493621826172
0.060044050216674805
0.05075192451477051
0.048599958419799805
0.06677913665771484
0.0769190788269043
0.02644491195678711
0.04561591148376465
0.041490793228149414
0.013454198837280273
0.051422119140625
0.023440837860107422
0.050991058349609375
0.05417013168334961
0.057237863540649414
0.052516937255859375
0.0244600772857666
0.05664706230163574
0.019049882888793945
0.020695209503173828
0.016910076141357422
0.023823022842407227
0.05058097839355469
0.019888877868652344
0.02195596694946289
0.020495891571044922
0.01976799964904785
0.02780294418334961
0.037084102630615234
0.013154029846191406
0.0568690299987793
0.06366395950317383
0.05236101150512695
0.04824495315551758
0.02371382713317871
0.03154492378234863
0.03698301315307617
0.039984941482543945
0.023878097534179688
0.04768800735473633
0.014251947402954102
0.02286386489868164
0.0350191593170166
0.017518997192382812
0.03858804702758789
0.0482640266418457
0.041394948959350586
0.03751492500305176
0.05004000663757324
0.029193878173828125
0.031175851821899414
0.03824186325073242
0.04961800575256348
0.03255295753479004
0.02811408042907715
0.034114837646484375
0.022678852081298828
0.04482889175415039
0.020231008529663086
0.04016900062561035
0.03407883644104004
0.02794790267944336
0.05120110511779785
0.06361508369445801
0.05236697196960449
0.04942584037780762
0.05730605125427246
0.04027915000915527
0.014147043228149414
0.03565192222595215
0.03593707084655762
0.05531787872314453
0.03867793083190918
0.031057119369506836
0.037336111068725586
0.026972055435180664
0.025917768478393555
0.033041954040527344
0.00849604606628418
0.014889955520629883
0.04990696907043457
0.023821115493774414
0.009283781051635742
0.02989506721496582
0.06916999816894531
0.03534102439880371
0.03477191925048828
0.031839847564697266
0.02060413360595703
0.03804302215576172
0.0746610164642334
0.04857897758483887
0.02642512321472168
0.03987908363342285
0.04017186164855957
0.044645071029663086
0.046655893325805664
0.04626107215881348
0.02553105354309082
0.033869028091430664
0.04285907745361328
0.04909205436706543
0.022773027420043945
0.03128194808959961
0.051360130310058594
0.06172800064086914
0.045278072357177734
0.0808861255645752
0.03891301155090332
0.042910099029541016
0.03247189521789551
0.03586387634277344
0.0497591495513916
0.04383683204650879
0.05224204063415527
0.027852773666381836
0.024311065673828125
0.014241933822631836
0.05296206474304199
0.0230560302734375
0.04912209510803223
0.03823995590209961
0.022801876068115234
0.04733777046203613
0.043200016021728516
0.0576169490814209
0.030735015869140625
0.04940485954284668
0.02601790428161621
0.047564029693603516
0.0589299201965332
0.04096817970275879
0.027103900909423828
0.04659605026245117
0.03762388229370117
0.020412921905517578
0.023942947387695312
0.04437899589538574
0.04541492462158203
0.058875083923339844
0.015343904495239258
0.04343891143798828
0.047711849212646484
0.038789987564086914
0.04141092300415039
0.050614118576049805
0.044786930084228516
0.04987001419067383
0.06448912620544434
0.024378061294555664
0.045146942138671875
0.02943110466003418
0.035201072692871094
0.033265113830566406
0.06005287170410156
0.020470142364501953
0.04113197326660156
0.05376410484313965
0.04108905792236328
0.037232160568237305
0.05101919174194336
0.022716045379638672
0.045835018157958984
0.02023482322692871
0.04504704475402832
0.027824878692626953
0.023395061492919922
0.03620791435241699
0.030964136123657227
0.040119171142578125
0.050866127014160156
0.045187950134277344
0.024972915649414062
0.031881093978881836
0.050657033920288086
0.048342227935791016
0.053375959396362305
0.06970596313476562
0.023286819458007812
0.06819891929626465
0.0230867862701416
0.020380020141601562
0.03641700744628906
0.04388308525085449
0.0118560791015625
0.0581820011138916
0.034726858139038086
0.03684878349304199
0.03826904296875
0.028236865997314453
0.0542449951171875
0.036583900451660156
0.044001102447509766
0.023914098739624023
0.029866933822631836
0.0361790657043457
0.06290388107299805
0.049163103103637695
0.05943012237548828
0.05301094055175781
0.028229951858520508
0.06520891189575195
0.06330418586730957
0.02410888671875
0.029587984085083008
0.03824591636657715
0.05704307556152344
0.041047096252441406
0.03248405456542969
0.05436992645263672
0.04812002182006836
0.047074079513549805
0.032340049743652344
0.037097930908203125
0.037840843200683594
0.04666304588317871
0.04695320129394531
0.054267168045043945
0.04775094985961914
0.01890397071838379
0.013263940811157227
0.06058692932128906
0.04097604751586914
0.02945399284362793
0.030152082443237305
0.04819893836975098
0.051876068115234375
0.014960050582885742
0.017171144485473633
0.05400586128234863
0.07068395614624023
0.04196810722351074
0.02277994155883789
0.020640134811401367
0.05022096633911133
0.03459000587463379
0.02556610107421875
0.04142284393310547
0.04939603805541992
0.03819990158081055
0.03343701362609863
0.030278921127319336
0.03215193748474121
0.024409055709838867
0.032412052154541016
0.03229403495788574
0.02656388282775879
0.02397608757019043
0.05482792854309082
0.031200170516967773
0.03467106819152832
0.035722970962524414
0.020390987396240234
0.045187950134277344
0.03378796577453613
0.05853104591369629
0.04135584831237793
0.05048513412475586
0.020201921463012695
0.03462696075439453
0.032063961029052734
0.020494937896728516
0.05875802040100098
0.024364948272705078
0.044899940490722656
0.027556896209716797
0.025478839874267578
0.015542030334472656
0.05217909812927246
0.028958797454833984
0.041294097900390625
0.024206876754760742
0.020440101623535156
0.06291985511779785
0.04176902770996094
0.01833200454711914
0.029526948928833008
0.03522491455078125
0.03336501121520996
0.03924894332885742
0.06516098976135254
0.03136396408081055
0.02398204803466797
0.030926227569580078
0.029062986373901367
0.04607105255126953
0.03573298454284668
0.02213907241821289
0.05079007148742676
0.022715091705322266
0.028035879135131836
0.04690885543823242
0.0439298152923584
0.049128055572509766
0.009048938751220703
0.07329797744750977
0.019790172576904297
0.028909921646118164
0.05108809471130371
0.044999122619628906
0.035984039306640625
0.03520011901855469
0.05101203918457031
0.020318984985351562
0.05821681022644043
0.055542945861816406
0.02831292152404785
0.04074597358703613
0.0298311710357666
0.007542133331298828
0.05602407455444336
0.05640101432800293
0.05945301055908203
0.031191110610961914
0.056787967681884766
0.03245806694030762
0.026428937911987305
0.019951820373535156
0.060842037200927734
0.01471400260925293
0.03193402290344238
0.013801097869873047
0.029495954513549805
0.029089927673339844
0.05413103103637695
0.03327512741088867
0.023140907287597656
0.04608607292175293
0.06101107597351074
0.037130117416381836
0.03632807731628418
0.04407095909118652
0.02816486358642578
0.02676987648010254
0.04445505142211914
0.025716066360473633
0.03693699836730957
0.04526090621948242
0.04737210273742676
0.030331134796142578
0.04566597938537598
0.054461002349853516
0.0299379825592041
0.039520978927612305
0.045057058334350586
0.06722807884216309
0.07147598266601562
0.0215909481048584
0.0162200927734375
0.04478716850280762
0.03914594650268555
0.03982710838317871
0.04043698310852051
0.06145906448364258
0.04901289939880371
0.05996394157409668
0.028692007064819336
0.034709930419921875
0.03781700134277344
0.03510880470275879
0.035939931869506836
0.0454411506652832
0.04866600036621094
0.02860283851623535
0.014377117156982422
0.04578995704650879
0.014672040939331055
0.05425095558166504
0.02655816078186035
0.02454400062561035
0.046031951904296875
0.03774595260620117
0.0422821044921875
0.04813718795776367
0.061717987060546875
0.04668402671813965
0.03491497039794922
0.05609917640686035
0.014840126037597656
0.02090597152709961
0.05450892448425293
0.01884913444519043
0.021661043167114258
0.05379509925842285
0.03720903396606445
0.0532529354095459
0.03237795829772949
0.0566709041595459
0.019566059112548828
0.009361982345581055
0.03795194625854492
0.040041208267211914
0.02468705177307129
0.03516101837158203
0.03935718536376953
0.0642690658569336
0.022701025009155273
0.0543520450592041
0.05051898956298828
0.018770933151245117
0.03106999397277832
0.02379608154296875
0.02838587760925293
0.016268014907836914
0.036264896392822266
0.03224802017211914
0.02237391471862793
0.03521895408630371
0.04578089714050293
0.05267691612243652
0.028216123580932617
0.04876303672790527
0.06107187271118164
0.023362159729003906
0.02170395851135254
0.0450289249420166
0.021023988723754883
0.06481790542602539
0.013809919357299805
0.05628013610839844
0.03711891174316406
0.03269481658935547
0.04712510108947754
0.05730891227722168
0.010509967803955078
0.05558609962463379
0.04060196876525879
0.029805898666381836
0.0464169979095459
0.021966934204101562
0.032766103744506836
0.02033209800720215
0.017744064331054688
0.01510000228881836
0.045532941818237305
0.030699968338012695
0.034338951110839844
0.041239023208618164
0.03856801986694336
0.03377389907836914
0.038736820220947266
0.0495450496673584
0.029094934463500977
0.03856396675109863
0.028655052185058594
0.011003971099853516
0.03682684898376465
0.05743217468261719
0.02054619789123535
0.030763864517211914
0.05186605453491211
0.03261899948120117
0.04903602600097656
0.031308889389038086
0.055207014083862305
0.05108904838562012
0.05168509483337402
0.051460981369018555
0.06565690040588379
0.01629781723022461
0.05331897735595703
0.04299211502075195
0.03246307373046875
0.029365062713623047
0.0556490421295166
0.03113102912902832
0.058194875717163086
0.02520585060119629
0.03018498420715332
0.03129410743713379
0.03383803367614746
0.05817985534667969
0.04633593559265137
0.039411067962646484
0.020635128021240234
0.014232873916625977
0.05281400680541992
0.052893877029418945
0.024025917053222656
0.016603946685791016
0.015885114669799805
0.02860403060913086
0.024276018142700195
0.026968002319335938
0.016389131546020508
0.07648396492004395
0.03236889839172363
0.04550004005432129
0.045144081115722656
0.04110908508300781
0.040120840072631836
0.05706596374511719
0.043012142181396484
0.05634713172912598
0.020494937896728516
0.044406890869140625
0.04375481605529785
0.016215085983276367
0.0435788631439209
0.0494379997253418
0.023046016693115234
0.023375988006591797
0.0692448616027832
0.05165505409240723
0.03196287155151367
0.014744043350219727
0.039070844650268555
0.03864097595214844
0.05637502670288086
0.029098987579345703
0.028232812881469727
0.04207205772399902
0.04533100128173828
0.04635286331176758
0.038156986236572266
0.05105304718017578
0.006118059158325195
0.07835793495178223
0.03310704231262207
0.021770000457763672
0.03084087371826172
0.023514986038208008
0.0451200008392334
0.04508185386657715
0.05368399620056152
0.05332016944885254
0.044441938400268555
0.06532907485961914
0.03077411651611328
0.0397491455078125
0.051358938217163086
0.020320892333984375
