0.028093814849853516
0.01840686798095703
0.0482640266418457
0.018018007278442383
0.05278491973876953
0.014338970184326172
0.053524017333984375
0.055570125579833984
0.01854395866394043
0.05682516098022461
0.04970812797546387
0.05410599708557129
0.05173897743225098
0.05448794364929199
0.013931035995483398
0.036776065826416016
0.04563498497009277
0.0712590217590332
0.01783299446105957
0.025442838668823242
0.022057056427001953
0.015645980834960938
0.05276012420654297
0.02843308448791504
0.01641106605529785
0.01612377166748047
0.043031930923461914
0.05151987075805664
0.01050710678100586
0.027315855026245117
0.04969978332519531
0.031145095825195312
0.030252933502197266
0.007797956466674805
0.03998684883117676
0.04880714416503906
0.049755096435546875
0.054779052734375
0.05895709991455078
0.04934096336364746
0.05995297431945801
0.052767038345336914
0.061524152755737305
0.045374155044555664
0.05037117004394531
0.01813793182373047
0.014708995819091797
0.03265213966369629
0.04026222229003906
0.02534794807434082
0.03689098358154297
0.03787517547607422
0.06990194320678711
0.044873952865600586
0.03215289115905762
0.03087306022644043
0.018283843994140625
0.06054997444152832
0.030856847763061523
0.03551888465881348
0.04985499382019043
0.03202104568481445
0.031555891036987305
0.03544306755065918
0.05225491523742676
0.03326892852783203
0.04102802276611328
0.04516005516052246
0.03259110450744629
0.05728292465209961
0.0540471076965332
0.05477714538574219
0.04489398002624512
0.06746196746826172
0.03486895561218262
0.030384063720703125
0.046174049377441406
0.05554699897766113
0.04168105125427246
0.019025087356567383
0.05397200584411621
0.03727602958679199
0.01697707176208496
0.046823978424072266
0.049447059631347656
0.04800009727478027
0.03655719757080078
0.049932003021240234
0.0369260311126709
0.04532504081726074
0.022575855255126953
0.026952028274536133
0.03732013702392578
0.025847911834716797
0.039877891540527344
0.031249046325683594
0.0393218994140625
0.04227089881896973
0.02167201042175293
0.05969119071960449
0.023406028747558594
0.024650096893310547
0.053620100021362305
0.05242300033569336
0.04087710380554199
0.05367398262023926
0.036293983459472656
0.03360414505004883
0.04101991653442383
0.023070096969604492
0.04724001884460449
0.026314973831176758
0.050402164459228516
0.017384052276611328
0.03093409538269043
0.02399301528930664
0.021892070770263672
0.03752899169921875
0.03849196434020996
0.023941993713378906
0.03996610641479492
0.023875951766967773
0.05408811569213867
0.03856015205383301
0.01568889617919922
0.0413668155670166
0.03671598434448242
0.03371691703796387
0.06481313705444336
0.041853904724121094
0.03973698616027832
0.048909902572631836
0.04913496971130371
0.040750980377197266
0.04598808288574219
0.06002497673034668
0.03281998634338379
0.058975934982299805
0.03864288330078125
0.06833887100219727
0.013714075088500977
0.05305004119873047
0.03877902030944824
0.02288198471069336
0.04552507400512695
0.03393912315368652
0.0312800407409668
0.022405147552490234
0.03063797950744629
0.025867938995361328
0.05151796340942383
0.05764603614807129
0.061944007873535156
0.03722715377807617
0.026643037796020508
0.023321866989135742
0.0473940372467041
0.038613080978393555
0.019258975982666016
0.05248403549194336
0.031180858612060547
0.04080605506896973
0.054049015045166016
0.041356801986694336
0.042199134826660156
0.06900691986083984
0.0317990779876709
0.04578995704650879
0.038105010986328125
0.05213308334350586
0.03481292724609375
0.05077385902404785
0.051199913024902344
0.045948028564453125
0.035151004791259766
0.024423837661743164
0.03362703323364258
0.029746055603027344
0.030658960342407227
0.0538029670715332
0.02335190773010254
0.03810620307922363
0.03333306312561035
0.03120899200439453
0.031219959259033203
0.024113893508911133
0.042031049728393555
0.049340009689331055
0.015987157821655273
0.04228711128234863
0.06201505661010742
0.049458980560302734
0.028059959411621094
0.06730294227600098
0.04214191436767578
0.06169891357421875
0.0341639518737793
0.028172969818115234
0.016425132751464844
0.01627206802368164
0.04120492935180664
0.029360055923461914
0.031095027923583984
0.049410104751586914
0.039994001388549805
0.05261683464050293
0.04221200942993164
0.028578996658325195
0.03285813331604004
0.02097296714782715
0.050447940826416016
0.02014303207397461
0.05357694625854492
0.025658845901489258
0.04210805892944336
0.04027390480041504
0.024556875228881836
0.0576930046081543
0.02058696746826172
0.06016683578491211
0.0575559139251709
0.013801097869873047
0.024456024169921875
0.0493929386138916
0.031533002853393555
0.05246710777282715
0.05267810821533203
0.02326512336730957
0.03014206886291504
0.016462087631225586
0.028992891311645508
0.05426812171936035
0.03259396553039551
0.04242110252380371
0.04549098014831543
0.04280710220336914
0.042057037353515625
0.028548002243041992
0.04237699508666992
0.014625072479248047
0.03849315643310547
0.039566993713378906
0.05263495445251465
0.0479121208190918
0.036064863204956055
0.01487588882446289
0.047029972076416016
0.03895998001098633
0.050698041915893555
0.07506203651428223
0.02457714080810547
0.027719974517822266
0.03261995315551758
0.053334951400756836
0.00710296630859375
0.03170204162597656
0.01470804214477539
0.04806113243103027
0.04491996765136719
0.008379220962524414
0.03754401206970215
0.029201984405517578
0.03961300849914551
0.05741095542907715
0.01853203773498535
0.019945859909057617
0.048857927322387695
0.05339694023132324
0.04106903076171875
0.06521797180175781
0.03769397735595703
0.04318404197692871
0.03026294708251953
0.023501157760620117
0.020936965942382812
0.018178939819335938
0.0212099552154541
0.033371925354003906
0.02227616310119629
0.029510021209716797
0.03257608413696289
0.05849099159240723
0.04883718490600586
0.04372382164001465
0.04118490219116211
0.018496036529541016
0.05828714370727539
0.06360101699829102
0.020428180694580078
0.05780792236328125
0.016570091247558594
0.04108119010925293
0.048345088958740234
0.024548053741455078
0.016129016876220703
0.022945880889892578
0.02945113182067871
0.05132794380187988
0.010255098342895508
0.06400108337402344
0.014655828475952148
0.020924091339111328
0.01129293441772461
0.05558300018310547
0.04451799392700195
0.05448007583618164
0.014548063278198242
0.02795696258544922
0.029661893844604492
0.05061507225036621
0.032872915267944336
0.053401947021484375
0.04170989990234375
0.050582170486450195
0.03151893615722656
0.0330350399017334
0.02594614028930664
0.02283000946044922
0.04416608810424805
0.040309906005859375
0.0166170597076416
0.031404972076416016
0.04279899597167969
0.01634693145751953
0.03264498710632324
0.0638270378112793
0.03294181823730469
0.04428505897521973
0.029748201370239258
0.05203604698181152
0.0541839599609375
0.04827594757080078
0.053817033767700195
0.02680492401123047
0.0404970645904541
0.02455878257751465
0.04668593406677246
0.05726003646850586
0.05874490737915039
0.03994297981262207
0.0358731746673584
0.06530594825744629
0.020370006561279297
0.04713797569274902
0.04805397987365723
0.02692103385925293
0.02719593048095703
0.04274702072143555
0.053732872009277344
0.06972813606262207
0.04417896270751953
0.04677987098693848
0.03129315376281738
0.026735782623291016
0.0240631103515625
0.02515411376953125
0.031245946884155273
0.03089308738708496
0.0412139892578125
0.020272016525268555
0.04908490180969238
0.020081043243408203
0.0573430061340332
0.033746957778930664
0.037457942962646484
0.03668808937072754
0.027581214904785156
0.0388641357421875
0.05129694938659668
0.04558897018432617
0.0698850154876709
0.02645277976989746
0.03635406494140625
0.013525962829589844
0.062161922454833984
0.029275178909301758
0.025482892990112305
0.02976202964782715
0.01482701301574707
0.006025075912475586
0.02950310707092285
0.03723502159118652
0.05010509490966797
0.02826714515686035
0.032150983810424805
0.045973777770996094
0.04146981239318848
0.02470993995666504
0.03687310218811035
0.055375099182128906
0.024765968322753906
0.05777907371520996
0.026597023010253906
0.032756805419921875
0.011806964874267578
0.04137706756591797
0.03730297088623047
0.03337597846984863
0.047883033752441406
0.034085988998413086
0.057417869567871094
0.030001163482666016
0.030345916748046875
0.015626192092895508
0.060038089752197266
0.028398990631103516
0.05068492889404297
0.023778915405273438
0.053936004638671875
0.03339505195617676
0.0421750545501709
0.02677297592163086
0.06460809707641602
0.0295259952545166
0.02289581298828125
0.036149024963378906
0.06136798858642578
0.04535388946533203
0.06035900115966797
0.022591114044189453
0.049726009368896484
0.04748702049255371
0.0412139892578125
0.029356956481933594
0.04130911827087402
0.04384589195251465
0.020325183868408203
0.027405977249145508
0.050601959228515625
0.04462909698486328
0.03102898597717285
0.01616501808166504
0.05727195739746094
0.01151418685913086
0.05289006233215332
0.009715080261230469
0.040734052658081055
0.07378506660461426
0.05530381202697754
0.02952098846435547
0.03963494300842285
0.037740230560302734
0.024796009063720703
0.0559229850769043
0.02711796760559082
0.05371594429016113
0.021816015243530273
0.061007022857666016
0.026854991912841797
0.045053958892822266
0.0307161808013916
0.046488046646118164
0.059123992919921875
0.0157778263092041
0.028193950653076172
0.05683088302612305
0.015877962112426758
0.032006025314331055
0.05261111259460449
0.03425192832946777
0.030742883682250977
0.010942935943603516
0.040148019790649414
0.038005828857421875
0.03633713722229004
0.032560110092163086
0.04380011558532715
0.053247928619384766
0.04027891159057617
0.053334951400756836
0.04645705223083496
0.040968894958496094
0.04915189743041992
0.023646831512451172
0.04631996154785156
0.03812885284423828
0.0439450740814209
0.04322004318237305
0.03476405143737793
0.037602901458740234
0.04791998863220215
0.02664017677307129
0.04218101501464844
0.0554959774017334
0.051200151443481445
0.04068779945373535
0.026771068572998047
0.05310702323913574
0.03262019157409668
0.049562931060791016
0.035928964614868164
0.05726909637451172
0.03152012825012207
0.043721914291381836
0.03873014450073242
0.047569990158081055
0.05521798133850098
0.04971194267272949
0.05480599403381348
0.053732872009277344
0.04735708236694336
0.0450899600982666
0.040490150451660156
0.025403976440429688
0.014785051345825195
0.04713702201843262
0.04232907295227051
0.027189970016479492
0.018084049224853516
0.053794145584106445
0.06132316589355469
0.03416895866394043
0.029480934143066406
0.044741153717041016
0.02383589744567871
0.0325770378112793
0.04827690124511719
0.03090214729309082
0.02051687240600586
0.033174991607666016
0.02924203872680664
0.04749894142150879
0.037348031997680664
0.04933309555053711
0.03999590873718262
0.044363975524902344
0.04875493049621582
0.0546419620513916
0.05492401123046875
0.036293983459472656
0.04584097862243652
0.053994178771972656
0.06169295310974121
0.03863716125488281
0.041404008865356445
0.02416396141052246
0.03780388832092285
0.052876949310302734
0.02349114418029785
0.022652149200439453
0.04586005210876465
0.04660487174987793
0.05354189872741699
0.03948020935058594
0.03806710243225098
0.03216814994812012
0.05065298080444336
0.03897690773010254
0.05684018135070801
0.04720783233642578
0.044416189193725586
0.05768013000488281
0.05300188064575195
0.0418858528137207
0.05339622497558594
0.03445601463317871
0.03541398048400879
0.05680394172668457
0.02670598030090332
0.012588024139404297
0.06894612312316895
0.04757499694824219
0.05009293556213379
0.05951404571533203
0.018357038497924805
0.05066514015197754
0.027053117752075195
0.05635786056518555
0.030601024627685547
0.040493011474609375
0.055351972579956055
0.04384016990661621
0.05388593673706055
0.010457038879394531
0.04393196105957031
0.02221202850341797
0.0323789119720459
0.04602193832397461
0.04695296287536621
0.05625200271606445
0.0499880313873291
0.03689098358154297
0.036457061767578125
0.06524181365966797
0.0515131950378418
0.02489018440246582
0.026079177856445312
0.026720046997070312
0.06043100357055664
0.04966115951538086
0.040585994720458984
0.05236196517944336
0.04146909713745117
0.011014938354492188
0.0432281494140625
0.06718802452087402
0.023555994033813477
0.04041099548339844
0.03073287010192871
0.018167972564697266
