0.08128595352172852
0.0499730110168457
0.05268692970275879
0.02774190902709961
0.019109010696411133
0.04585099220275879
0.03257393836975098
0.0303499698638916
0.05753684043884277
0.020554065704345703
0.026707887649536133
0.019607067108154297
0.05630803108215332
0.04969596862792969
0.008469820022583008
0.029078960418701172
0.03232002258300781
0.04526495933532715
0.0410921573638916
0.05774497985839844
0.0378718376159668
0.03739213943481445
0.07336997985839844
0.054368019104003906
0.05519604682922363
0.05892300605773926
0.051301002502441406
0.014722108840942383
0.009750843048095703
0.04571104049682617
0.05421590805053711
0.03926491737365723
0.030246973037719727
0.032688140869140625
0.02529001235961914
0.034001827239990234
0.034752845764160156
0.03913593292236328
0.023969173431396484
0.04180192947387695
0.02068305015563965
0.04203915596008301
0.01510000228881836
0.012571096420288086
0.05946803092956543
0.051474809646606445
0.06583714485168457
0.02699899673461914
0.037158966064453125
0.019732952117919922
0.03772401809692383
0.027916908264160156
0.03588390350341797
0.023324012756347656
0.06344294548034668
0.02505207061767578
0.03887796401977539
0.04049992561340332
0.04991412162780762
0.032386064529418945
0.03420615196228027
0.061041831970214844
0.0356600284576416
0.04677605628967285
0.019989967346191406
0.04642009735107422
0.027384042739868164
0.040821075439453125
0.022507905960083008
0.028523921966552734
0.05374407768249512
0.030172109603881836
0.03850603103637695
0.03393912315368652
0.026899099349975586
0.061792850494384766
0.02399897575378418
0.03743696212768555
0.020255088806152344
0.02432990074157715
0.024524927139282227
0.02451491355895996
0.04154706001281738
0.03203296661376953
0.051885128021240234
0.048207998275756836
0.028367042541503906
0.0411529541015625
0.048271894454956055
0.034635066986083984
0.05435490608215332
0.04483318328857422
0.012216806411743164
0.04153919219970703
0.04415106773376465
0.025728940963745117
0.04163980484008789
0.015995025634765625
0.049178123474121094
0.018571138381958008
0.042890071868896484
0.039155006408691406
0.03534817695617676
0.021201133728027344
0.0519108772277832
0.025028228759765625
0.0351710319519043
0.035295963287353516
0.03501296043395996
0.047506093978881836
0.04011702537536621
0.02467203140258789
0.04162311553955078
0.017891883850097656
0.04856991767883301
0.027506113052368164
0.028062105178833008
0.03913998603820801
0.03382301330566406
0.057247161865234375
0.030822038650512695
0.05757403373718262
0.02370595932006836
0.03134799003601074
0.043276071548461914
0.03656315803527832
0.050755977630615234
0.014509916305541992
0.03388690948486328
0.019092798233032227
0.019548892974853516
0.030375957489013672
0.053689002990722656
0.045350074768066406
0.03037095069885254
0.05575895309448242
0.031069040298461914
0.04462599754333496
0.030421972274780273
0.022530078887939453
0.04558110237121582
0.04132890701293945
0.05800914764404297
0.019001007080078125
0.0364069938659668
0.03622603416442871
0.020933151245117188
0.030859947204589844
0.04167008399963379
0.03925299644470215
0.030326128005981445
0.025918960571289062
0.03346896171569824
0.02858901023864746
0.03202509880065918
0.0447840690612793
0.054086923599243164
0.016638994216918945
0.016672849655151367
0.037821054458618164
0.04891085624694824
0.034815073013305664
0.051007986068725586
0.044158935546875
0.053663015365600586
0.0420989990234375
0.04587101936340332
0.03528189659118652
0.04205489158630371
0.056858062744140625
0.020088911056518555
0.05546283721923828
0.041114091873168945
0.04010295867919922
0.03504490852355957
0.04949307441711426
0.015040159225463867
0.05837297439575195
0.03339695930480957
0.026247024536132812
0.04154491424560547
0.015625
0.04077315330505371
0.036855220794677734
0.03151392936706543
0.03787398338317871
0.02458500862121582
0.0279390811920166
0.059478044509887695
0.03458404541015625
0.04475879669189453
0.040821075439453125
0.03617596626281738
0.04728507995605469
0.044344186782836914
0.0165560245513916
0.04410099983215332
0.0347139835357666
0.014931201934814453
0.01657700538635254
0.023769855499267578
0.06197404861450195
0.015664100646972656
0.052004098892211914
0.04205894470214844
0.030696868896484375
0.01421499252319336
0.03637385368347168
0.028661012649536133
0.048918962478637695
0.02117013931274414
0.04401397705078125
0.04416513442993164
0.03539299964904785
0.05315399169921875
0.04190397262573242
0.029709815979003906
0.045723915100097656
0.022902965545654297
0.03127598762512207
0.045845985412597656
0.029349803924560547
0.05098390579223633
0.06515789031982422
0.06206798553466797
0.03152322769165039
0.05940413475036621
0.05369091033935547
0.05634307861328125
0.032462120056152344
0.03165793418884277
0.06373095512390137
0.033734798431396484
0.0346989631652832
0.05137300491333008
0.048673152923583984
0.03476309776306152
0.025166988372802734
0.04485893249511719
0.04850888252258301
0.03709292411804199
0.020505905151367188
0.041322946548461914
0.0206298828125
0.050308942794799805
0.042672157287597656
0.0349278450012207
0.04294013977050781
0.031594038009643555
0.050508975982666016
0.04847002029418945
0.02027297019958496
0.04482293128967285
0.044892072677612305
0.03811502456665039
0.05604290962219238
0.051262855529785156
0.01750493049621582
0.05454897880554199
0.014279842376708984
0.025523900985717773
0.032401084899902344
0.054780006408691406
0.05058479309082031
0.05011606216430664
0.03827500343322754
0.03007984161376953
0.047322988510131836
0.027055978775024414
0.061254024505615234
0.055734872817993164
0.03868293762207031
0.042426109313964844
0.02699899673461914
0.016508817672729492
0.04305005073547363
0.022738933563232422
0.057238101959228516
0.021754026412963867
0.032212018966674805
0.01650404930114746
0.041758060455322266
0.01433706283569336
0.05614876747131348
0.04558300971984863
0.04903101921081543
0.015163898468017578
0.0282440185546875
0.0493319034576416
0.023173093795776367
0.02504587173461914
0.054003000259399414
0.0448918342590332
0.0462338924407959
0.025156021118164062
0.058183908462524414
0.04310297966003418
0.0631558895111084
0.02306389808654785
0.01617598533630371
0.022352933883666992
0.01950812339782715
0.043457984924316406
0.031336069107055664
0.032707929611206055
0.021524906158447266
0.04901313781738281
0.03620314598083496
0.02751302719116211
0.04035806655883789
0.06151604652404785
0.029263973236083984
0.05524396896362305
0.0604100227355957
0.052002906799316406
0.05294013023376465
0.020281076431274414
0.0706779956817627
0.03906893730163574
0.02045893669128418
0.024825096130371094
0.02475905418395996
0.036173105239868164
0.04039597511291504
0.026343107223510742
0.05165600776672363
0.04625391960144043
0.04030609130859375
0.07535815238952637
0.05278587341308594
0.01302194595336914
0.006286144256591797
0.04924201965332031
0.016198158264160156
0.036247968673706055
0.0571439266204834
0.06089591979980469
0.047711849212646484
0.033158063888549805
0.06162595748901367
0.032354116439819336
0.05888700485229492
0.045454978942871094
0.05357098579406738
0.049388885498046875
0.05612683296203613
0.022669076919555664
0.020663976669311523
0.0281980037689209
0.03946805000305176
0.02704596519470215
0.05169391632080078
0.05380105972290039
0.015724897384643555
0.0375361442565918
0.05570507049560547
0.03098297119140625
0.039685964584350586
0.04304099082946777
0.030159950256347656
0.029356956481933594
0.04161190986633301
0.028146982192993164
0.051889896392822266
0.026746034622192383
0.038481950759887695
0.027415990829467773
0.0689249038696289
0.04275178909301758
0.03412795066833496
0.03513908386230469
0.047074079513549805
0.028385162353515625
0.041966915130615234
0.03071904182434082
0.027905941009521484
0.05724287033081055
0.04425787925720215
0.05402684211730957
0.03831601142883301
0.03326296806335449
0.03353595733642578
0.03380393981933594
0.03197789192199707
0.016424894332885742
0.026813983917236328
0.05366706848144531
0.06876993179321289
0.05480384826660156
0.03527998924255371
0.04542398452758789
0.01876211166381836
0.01316690444946289
0.0280609130859375
0.05597114562988281
0.01741504669189453
0.04837393760681152
0.06534790992736816
0.025976181030273438
0.009997129440307617
0.02656102180480957
0.05416703224182129
0.0462799072265625
0.04210090637207031
0.04644203186035156
0.06123995780944824
0.013527870178222656
0.033621788024902344
0.033921003341674805
0.04214310646057129
0.03341794013977051
0.03570389747619629
0.038133859634399414
0.0384221076965332
0.031466007232666016
0.035125017166137695
0.031114816665649414
0.030180931091308594
0.03732109069824219
0.03105902671813965
0.06745600700378418
0.026090145111083984
0.03508496284484863
0.05302000045776367
0.05571103096008301
0.027481794357299805
0.042903900146484375
0.024029016494750977
0.024192094802856445
0.03786015510559082
0.032411813735961914
0.027616024017333984
0.04267096519470215
0.03138303756713867
0.06779694557189941
0.046504974365234375
0.053846120834350586
0.04189801216125488
0.008044004440307617
0.014564037322998047
0.037405967712402344
0.03536105155944824
0.05590415000915527
0.0579228401184082
0.013675928115844727
0.057520151138305664
0.015718936920166016
0.03697609901428223
0.03741598129272461
0.07681083679199219
0.051876068115234375
0.053431034088134766
0.024763107299804688
0.033174991607666016
0.04483795166015625
0.02865314483642578
0.029613018035888672
0.04150199890136719
0.05059695243835449
0.03807878494262695
0.02921295166015625
0.04566001892089844
0.037960052490234375
0.07162308692932129
0.02406787872314453
0.04244518280029297
0.0493929386138916
0.026098012924194336
0.0507960319519043
0.03781485557556152
0.0308840274810791
0.04711198806762695
0.056839942932128906
0.04884505271911621
0.03393101692199707
0.04013204574584961
0.028728008270263672
0.048796892166137695
0.0572359561920166
0.03098297119140625
0.03432798385620117
0.04629087448120117
0.030983924865722656
0.0401458740234375
0.03692984580993652
0.05135917663574219
0.07372188568115234
0.047807931900024414
0.034729957580566406
0.04881906509399414
0.04162406921386719
0.038182973861694336
0.027076005935668945
0.03499913215637207
0.038207054138183594
0.05043315887451172
0.027808189392089844
0.03224301338195801
0.06274890899658203
0.03798079490661621
0.0612339973449707
0.04054403305053711
0.028636932373046875
0.04379391670227051
0.03813910484313965
0.02971792221069336
0.05471014976501465
0.0522310733795166
0.04976797103881836
0.04043412208557129
0.04107308387756348
0.04475212097167969
0.05293607711791992
0.014158010482788086
0.03877997398376465
0.053544044494628906
0.05018901824951172
0.024616003036499023
0.02914595603942871
0.06108498573303223
0.02054119110107422
0.023356914520263672
0.034677982330322266
0.051828861236572266
0.035453081130981445
0.05791020393371582
0.045098066329956055
0.04900002479553223
0.05185198783874512
0.07311391830444336
0.025115013122558594
0.041110992431640625
0.014724016189575195
0.03852987289428711
0.024808883666992188
0.019531965255737305
0.037199974060058594
0.03323101997375488
0.028464078903198242
0.05188703536987305
0.04802298545837402
0.05358004570007324
0.021397829055786133
0.03647017478942871
0.04960489273071289
0.0313570499420166
0.03745603561401367
0.01976799964904785
0.020679950714111328
0.027302980422973633
0.01979804039001465
0.0311129093170166
0.0289459228515625
0.028175830841064453
0.04922294616699219
0.022843122482299805
0.04817795753479004
0.03901791572570801
0.028306007385253906
0.02723097801208496
0.052507877349853516
0.05328106880187988
0.048748016357421875
0.05549907684326172
0.054170846939086914
0.015289068222045898
0.02173781394958496
0.05453014373779297
0.026013851165771484
0.02188420295715332
0.0450129508972168
0.028818845748901367
0.03084707260131836
0.049569129943847656
0.022395849227905273
0.03890109062194824
0.020143985748291016
0.03053593635559082
0.02780604362487793
0.045130014419555664
0.021641016006469727
0.04657101631164551
0.01591205596923828
0.05134105682373047
0.0584568977355957
0.026339054107666016
0.05371809005737305
0.01739215850830078
0.025050878524780273
0.021439075469970703
0.03992414474487305
0.024523019790649414
0.03502988815307617
0.020947933197021484
0.01858210563659668
0.011929988861083984
0.0198819637298584
0.006207942962646484
0.0063228607177734375
0.005383968353271484
