0.05242490768432617
0.05603909492492676
0.03240704536437988
0.05314803123474121
0.029948949813842773
0.026731014251708984
0.02062392234802246
0.023047924041748047
0.020184040069580078
0.027669906616210938
0.03801679611206055
0.0367588996887207
0.04686617851257324
0.03127098083496094
0.06223607063293457
0.05142807960510254
0.04810285568237305
0.04763603210449219
0.021922826766967773
0.05296206474304199
0.03877115249633789
0.036769866943359375
0.04824090003967285
0.03369307518005371
0.04068708419799805
0.028704166412353516
0.06327509880065918
0.05711698532104492
0.02546405792236328
0.05596303939819336
0.05319404602050781
0.032688140869140625
0.014707088470458984
0.03341794013977051
0.05458879470825195
0.05060005187988281
0.014662027359008789
0.024726152420043945
0.021028995513916016
0.04768085479736328
0.014644145965576172
0.06592607498168945
0.039383888244628906
0.04594707489013672
0.04645800590515137
0.030863046646118164
0.01756596565246582
0.05371403694152832
0.0343470573425293
0.05136990547180176
0.027086973190307617
0.053581953048706055
0.053234100341796875
0.052873849868774414
0.050724029541015625
0.04186582565307617
0.03457784652709961
0.05157613754272461
0.08455801010131836
0.04997897148132324
0.05305218696594238
0.7956209182739258
0.023239850997924805
0.05117297172546387
0.012678861618041992
0.05828595161437988
0.04041314125061035
0.05074501037597656
0.041374921798706055
0.04906797409057617
0.045269012451171875
0.0395970344543457
0.04616093635559082
0.062428951263427734
0.013942956924438477
0.028124094009399414
0.044934988021850586
0.03313398361206055
0.016559839248657227
0.04974794387817383
0.036550045013427734
0.04656696319580078
0.046013832092285156
0.01581597328186035
0.041563987731933594
0.022485017776489258
0.018365859985351562
0.029304981231689453
0.024638891220092773
0.02342081069946289
0.007544040679931641
0.04486489295959473
0.049386024475097656
0.04817986488342285
0.04054903984069824
0.05271601676940918
0.026839017868041992
0.053218841552734375
0.034214019775390625
0.053045034408569336
0.05683588981628418
0.04387497901916504
0.013540029525756836
0.05454707145690918
0.05042219161987305
0.05259513854980469
0.0467069149017334
0.01614999771118164
0.05051898956298828
0.0328059196472168
0.0379638671875
0.04021191596984863
0.02868509292602539
0.034689903259277344
0.039147138595581055
0.05192899703979492
0.03141903877258301
0.05488705635070801
0.03222990036010742
0.015742063522338867
0.038316965103149414
0.026849985122680664
0.03837084770202637
0.04629206657409668
0.04469585418701172
0.028773069381713867
0.04895615577697754
0.03573012351989746
0.053301095962524414
0.04604911804199219
0.050534963607788086
0.05722784996032715
0.05734705924987793
0.06194114685058594
0.04777812957763672
0.04811692237854004
0.04005789756774902
0.017776012420654297
0.03046584129333496
0.056611061096191406
0.055631160736083984
0.036499977111816406
0.030651092529296875
0.05086398124694824
0.04591488838195801
0.03969693183898926
0.029221057891845703
0.040860891342163086
0.05018806457519531
0.041700124740600586
0.03741192817687988
0.03752303123474121
0.04431891441345215
0.046389102935791016
0.04170799255371094
0.019729137420654297
0.040316104888916016
0.04835319519042969
0.06925487518310547
0.016325950622558594
0.030879974365234375
0.054888010025024414
0.037937164306640625
0.024394989013671875
0.05961489677429199
0.04272198677062988
0.021656036376953125
0.04099607467651367
0.049314022064208984
0.006098031997680664
0.02535080909729004
0.04711508750915527
0.057348012924194336
0.037062883377075195
0.02037215232849121
0.020247936248779297
0.04436612129211426
0.031098127365112305
0.04352402687072754
0.03249001502990723
0.024201154708862305
0.025685787200927734
0.03513979911804199
0.01810622215270996
0.020754098892211914
0.03669309616088867
0.03660297393798828
0.03587603569030762
0.03977704048156738
0.038088083267211914
0.05821704864501953
0.03471994400024414
0.029363155364990234
0.04850506782531738
0.03777885437011719
0.041110992431640625
0.055992841720581055
0.04386591911315918
0.020776033401489258
0.033792972564697266
0.0559239387512207
0.04550004005432129
0.03095102310180664
0.049143075942993164
0.012119054794311523
0.019796133041381836
0.01587200164794922
0.02206897735595703
0.040576934814453125
0.0569000244140625
0.02023792266845703
0.0455470085144043
0.027385234832763672
0.030724048614501953
0.016557931900024414
0.017739057540893555
0.051152944564819336
0.049497127532958984
0.040158987045288086
0.032715797424316406
0.06571102142333984
0.049826860427856445
0.04029393196105957
0.0325779914855957
0.04433798789978027
0.06479406356811523
0.036561012268066406
0.05113101005554199
0.05051088333129883
0.053965091705322266
0.023849964141845703
0.040209054946899414
0.03650307655334473
0.05261993408203125
0.06909489631652832
0.02843785285949707
0.022550106048583984
0.0259401798248291
0.06486082077026367
0.04785513877868652
0.04540705680847168
0.027989864349365234
0.025675058364868164
0.015482902526855469
0.0409548282623291
0.02824091911315918
0.025262832641601562
0.05578494071960449
0.03128194808959961
0.03143501281738281
0.008880138397216797
0.0296630859375
0.02810811996459961
0.042034149169921875
0.06884908676147461
0.06554198265075684
0.024498939514160156
0.014163970947265625
0.034291982650756836
0.047856807708740234
0.04051995277404785
0.055557966232299805
0.027949094772338867
0.034049034118652344
0.03643798828125
0.053053855895996094
0.020650148391723633
0.020434141159057617
0.0488889217376709
0.0152740478515625
0.03185296058654785
0.03156089782714844
0.0061969757080078125
0.020829200744628906
0.016581058502197266
0.03165102005004883
0.03268098831176758
0.0255279541015625
0.010537862777709961
0.031958818435668945
0.03009510040283203
0.0529780387878418
0.032015085220336914
0.026521921157836914
0.018904924392700195
0.023856163024902344
0.045660972595214844
0.04629802703857422
0.02601790428161621
0.05798602104187012
0.025533199310302734
0.045970916748046875
0.056913137435913086
0.04570484161376953
0.06213998794555664
0.053611040115356445
0.058409929275512695
0.0354609489440918
0.03538799285888672
0.016324996948242188
0.03809690475463867
0.032073020935058594
0.0351109504699707
0.03772687911987305
0.0449061393737793
0.02284407615661621
0.04993891716003418
0.039817094802856445
0.03284597396850586
0.011523962020874023
0.027901887893676758
0.04494500160217285
0.04192996025085449
0.0661020278930664
0.03363919258117676
0.06984901428222656
0.04356503486633301
0.04744386672973633
0.03780007362365723
0.03310394287109375
0.05779695510864258
0.029798030853271484
0.03110480308532715
0.039153099060058594
0.014567852020263672
0.034802913665771484
0.04716181755065918
0.05442190170288086
0.0377650260925293
0.032225847244262695
0.06535601615905762
0.028033971786499023
0.02805805206298828
0.0349428653717041
0.03822803497314453
0.04378104209899902
0.04087686538696289
0.01093292236328125
0.017590999603271484
0.06172490119934082
0.02201700210571289
0.045187950134277344
0.05071592330932617
0.010236978530883789
0.0572969913482666
0.03041696548461914
0.0245358943939209
0.04881405830383301
0.012502908706665039
0.01372981071472168
0.03073906898498535
0.04223203659057617
0.049273014068603516
0.0322270393371582
0.04167890548706055
0.04146099090576172
0.040374040603637695
0.0379939079284668
0.03719305992126465
0.04729509353637695
0.03767800331115723
0.04764604568481445
0.04773998260498047
0.05924201011657715
0.05617213249206543
0.024372100830078125
0.030413150787353516
0.030421018600463867
0.03220200538635254
0.04431509971618652
0.021509885787963867
0.04388904571533203
0.04051494598388672
0.03281092643737793
0.028593778610229492
0.03778505325317383
0.04853081703186035
0.010833024978637695
0.019584178924560547
0.050247907638549805
0.043569087982177734
0.04454183578491211
0.05994915962219238
0.030300140380859375
0.046875953674316406
0.01147603988647461
0.03825807571411133
0.05387592315673828
0.008713006973266602
0.04723501205444336
0.02791905403137207
0.04585003852844238
0.031085968017578125
0.04120588302612305
0.01664113998413086
0.04624795913696289
0.04738283157348633
0.06300616264343262
0.03816390037536621
0.05025815963745117
0.04131603240966797
0.04831504821777344
0.053076982498168945
0.04436492919921875
0.03369402885437012
0.07020401954650879
0.043519020080566406
0.018774986267089844
0.04593205451965332
0.02793288230895996
0.04186582565307617
0.029455900192260742
0.04524493217468262
0.02623605728149414
0.01800704002380371
0.030956029891967773
0.030530929565429688
0.041107892990112305
0.040467023849487305
0.029043912887573242
0.021641016006469727
0.030264854431152344
0.01385807991027832
0.04159283638000488
0.05931997299194336
0.04185318946838379
0.04527091979980469
0.021794795989990234
0.015904903411865234
0.044506072998046875
0.01914501190185547
0.03402304649353027
0.028100013732910156
0.032774925231933594
0.04022407531738281
0.038542985916137695
0.03499293327331543
0.0417478084564209
0.027194976806640625
0.05283999443054199
0.03357100486755371
0.048913002014160156
0.030797958374023438
0.0586850643157959
0.053974151611328125
0.031050920486450195
0.061811208724975586
0.04929518699645996
0.02752208709716797
0.013985872268676758
0.0524749755859375
0.010576963424682617
0.051898956298828125
0.046743154525756836
0.014702081680297852
0.04689621925354004
0.04023003578186035
0.04476118087768555
0.020331859588623047
0.05091691017150879
0.04270505905151367
0.043823957443237305
0.025141000747680664
0.034644126892089844
0.03664708137512207
0.012228965759277344
0.020051956176757812
0.053865909576416016
0.01662278175354004
0.015375852584838867
0.01692795753479004
0.03795289993286133
0.030811071395874023
0.026834964752197266
0.02588820457458496
0.025702953338623047
0.057910919189453125
0.040090084075927734
0.05191516876220703
0.05305314064025879
0.03270602226257324
0.030095815658569336
0.021820068359375
0.04352283477783203
0.026997089385986328
0.019658803939819336
0.011723041534423828
0.024858951568603516
0.05555415153503418
0.05884599685668945
0.01783013343811035
0.018252134323120117
0.04134202003479004
0.0567171573638916
0.011095046997070312
0.051325082778930664
0.0649261474609375
0.055242061614990234
0.052001953125
0.03912615776062012
0.05983591079711914
0.023882150650024414
0.047020912170410156
0.04740190505981445
0.051902055740356445
0.04192614555358887
0.05776095390319824
0.03516793251037598
0.03820681571960449
0.03937482833862305
0.011069059371948242
0.05157899856567383
0.016324996948242188
0.04734992980957031
0.03614687919616699
0.02258014678955078
0.049935102462768555
0.04214286804199219
0.04999089241027832
0.0392909049987793
0.05514192581176758
0.04726386070251465
0.019673824310302734
0.027718067169189453
0.06357192993164062
0.046935081481933594
0.05169105529785156
0.03858208656311035
0.05938410758972168
0.05662417411804199
0.06546187400817871
0.023015975952148438
0.05019998550415039
0.054316043853759766
0.029773950576782227
0.022128820419311523
0.05036807060241699
0.030031919479370117
0.030189037322998047
0.053958892822265625
0.05403399467468262
0.04697012901306152
0.04656982421875
0.04796910285949707
0.024014949798583984
0.025719165802001953
0.010313987731933594
0.013844013214111328
0.02378392219543457
0.043718814849853516
0.02449178695678711
0.029057979583740234
0.03784799575805664
0.043845176696777344
0.0362849235534668
0.04977822303771973
0.04121804237365723
0.02570486068725586
0.023140907287597656
0.027086973190307617
0.03571200370788574
0.0264890193939209
0.01978302001953125
0.04239702224731445
0.04163813591003418
0.03214097023010254
0.03642916679382324
0.016613006591796875
0.044448137283325195
0.03818798065185547
0.024530887603759766
0.048944950103759766
0.03478193283081055
0.021123170852661133
0.016211986541748047
0.05797100067138672
0.04365682601928711
0.03541207313537598
0.04624795913696289
0.03918099403381348
0.012541055679321289
0.05292320251464844
0.05036497116088867
0.04546189308166504
0.0522770881652832
0.030398845672607422
0.04728293418884277
0.03833889961242676
0.02526092529296875
0.024534940719604492
0.021398067474365234
0.031590938568115234
0.031958818435668945
0.03840303421020508
0.01995706558227539
0.026324987411499023
0.013097047805786133
0.015254974365234375
0.005872011184692383
0.01871204376220703
