0.06111907958984375
0.02737903594970703
0.046912193298339844
0.042488813400268555
0.041162967681884766
0.037333011627197266
0.024341821670532227
0.044061899185180664
0.034384965896606445
0.058545827865600586
0.07151389122009277
0.04294705390930176
0.026340007781982422
0.024438858032226562
0.022311925888061523
0.01414179801940918
0.01837897300720215
0.04970502853393555
0.03595900535583496
0.04763197898864746
0.07324099540710449
0.030040979385375977
0.033820152282714844
0.016221046447753906
0.04019308090209961
0.05832409858703613
0.046450138092041016
0.015924930572509766
0.06396818161010742
0.022121191024780273
0.05562591552734375
0.05511784553527832
0.05765414237976074
0.04045891761779785
0.04525113105773926
0.022710084915161133
0.04478883743286133
0.032124996185302734
0.022929906845092773
0.0577850341796875
0.040463924407958984
0.030590057373046875
0.04829597473144531
0.05227398872375488
0.026159048080444336
0.015884876251220703
0.053874969482421875
0.06306791305541992
0.032678842544555664
0.04970812797546387
0.029404878616333008
0.05945706367492676
0.023324012756347656
0.02464580535888672
0.022336959838867188
0.03707313537597656
0.03246188163757324
0.017022132873535156
0.0615389347076416
0.0560450553894043
0.034503936767578125
0.02891397476196289
0.048365116119384766
0.03724408149719238
0.02674698829650879
0.03455686569213867
0.03167104721069336
0.02038097381591797
0.04375505447387695
0.0428619384765625
0.028306007385253906
0.017357826232910156
0.006072998046875
0.016311168670654297
0.015245914459228516
0.04437613487243652
0.014517068862915039
0.028391122817993164
0.041033029556274414
0.05037713050842285
0.04261612892150879
0.05322694778442383
0.014833211898803711
0.045295000076293945
0.03599214553833008
0.017030000686645508
0.010142087936401367
0.017901897430419922
0.030859947204589844
0.03761696815490723
0.048451900482177734
0.04667496681213379
0.05596590042114258
0.05362582206726074
0.04357290267944336
0.04776310920715332
0.03297901153564453
0.046254873275756836
0.027148962020874023
0.050807952880859375
0.015472888946533203
0.027909040451049805
0.030393123626708984
0.024094820022583008
0.05607795715332031
0.014958858489990234
0.0668330192565918
0.04670000076293945
0.04723405838012695
0.028271198272705078
0.04504799842834473
0.03743100166320801
0.0171358585357666
0.04812788963317871
0.023569107055664062
0.059309959411621094
0.022189855575561523
0.021242141723632812
0.01605701446533203
0.04772520065307617
0.06705212593078613
0.03229212760925293
0.03514504432678223
0.030740976333618164
0.02723407745361328
0.01552891731262207
0.01597881317138672
0.06391596794128418
0.04530978202819824
0.042549848556518555
0.04039621353149414
0.04374504089355469
0.04986715316772461
0.029116153717041016
0.05289101600646973
0.020727872848510742
0.05178689956665039
0.0409698486328125
0.02973794937133789
0.026291847229003906
0.016681194305419922
0.01874089241027832
0.02057790756225586
0.03481101989746094
0.03484797477722168
0.041033029556274414
0.05375790596008301
0.03779721260070801
0.04443502426147461
0.049757957458496094
0.01659417152404785
0.03057408332824707
0.04401898384094238
0.01518702507019043
0.04894709587097168
0.061493873596191406
0.07115817070007324
0.01973700523376465
0.04151010513305664
0.04950404167175293
0.06106400489807129
0.035073041915893555
0.03330397605895996
0.04979515075683594
0.03329110145568848
0.05344510078430176
0.049883127212524414
0.03330183029174805
0.05594205856323242
0.029733896255493164
0.04865407943725586
0.03069591522216797
0.03216886520385742
0.04978299140930176
0.02348804473876953
0.04254293441772461
0.023067951202392578
0.05275321006774902
0.06142711639404297
0.020581960678100586
0.02864694595336914
0.023625850677490234
0.021789073944091797
0.01208806037902832
0.03198385238647461
0.016631126403808594
0.0410158634185791
0.02781200408935547
0.015560150146484375
0.025266170501708984
0.02961111068725586
0.04472017288208008
0.05153203010559082
0.040270090103149414
0.018598079681396484
0.03619194030761719
0.03532910346984863
0.027637004852294922
0.02276301383972168
0.060217857360839844
0.04944896697998047
0.04224991798400879
0.03670477867126465
0.041278839111328125
0.017419815063476562
0.015380859375
0.016316890716552734
0.018039941787719727
0.07725310325622559
0.03141379356384277
0.06208491325378418
0.02750086784362793
0.024588823318481445
0.04115414619445801
0.03939414024353027
0.020592927932739258
0.030277013778686523
0.015211105346679688
0.03194618225097656
0.022073030471801758
0.05515289306640625
0.05413103103637695
0.05310416221618652
0.05675101280212402
0.031003952026367188
0.048790931701660156
0.0452420711517334
0.0485379695892334
0.05915498733520508
0.030276060104370117
0.03714585304260254
0.029389142990112305
0.06795716285705566
0.04707193374633789
0.06530189514160156
0.022753000259399414
0.019672155380249023
0.02426910400390625
0.0404210090637207
0.010502099990844727
0.05537986755371094
0.021155118942260742
0.05470395088195801
0.023046016693115234
0.044320106506347656
0.040884971618652344
0.034861087799072266
0.054305076599121094
0.03657698631286621
0.02986907958984375
0.0609431266784668
0.05963897705078125
0.012248039245605469
0.0563199520111084
0.012098073959350586
0.03829693794250488
0.029813051223754883
0.0430140495300293
0.051130056381225586
0.04134106636047363
0.05187511444091797
0.041780948638916016
0.055953025817871094
0.052484989166259766
0.034937143325805664
0.04839611053466797
0.014312028884887695
0.05727410316467285
0.018929004669189453
0.06412005424499512
0.02219986915588379
0.03971600532531738
0.05501604080200195
0.01061391830444336
0.0493779182434082
0.04407906532287598
0.05335807800292969
0.04914999008178711
0.05804586410522461
0.05466103553771973
0.024715185165405273
0.05534505844116211
0.026674985885620117
0.03473305702209473
0.030634164810180664
0.04831695556640625
0.04971504211425781
0.020775794982910156
0.04060506820678711
0.05455589294433594
0.02846503257751465
0.05437517166137695
0.0381619930267334
0.020182132720947266
0.02961897850036621
0.05520892143249512
0.05104804039001465
0.02360081672668457
0.057196855545043945
0.05506587028503418
0.014708995819091797
0.016726016998291016
0.01580810546875
0.05071902275085449
0.020454883575439453
0.05644702911376953
0.023489952087402344
0.042977094650268555
0.05298495292663574
0.06297016143798828
0.023720979690551758
0.034693002700805664
0.02144598960876465
0.016904830932617188
0.022946834564208984
0.050048112869262695
0.02496480941772461
0.04679989814758301
0.03362894058227539
0.05374312400817871
0.025732994079589844
0.05924081802368164
0.046456098556518555
0.052629947662353516
0.05382704734802246
0.020239830017089844
0.049894094467163086
0.03458285331726074
0.043916940689086914
0.04307699203491211
0.04893994331359863
0.037030935287475586
0.04134798049926758
0.05814385414123535
0.04486989974975586
0.02558302879333496
0.017175912857055664
0.04762101173400879
0.03425097465515137
0.05379199981689453
0.0529630184173584
0.055841922760009766
0.0575108528137207
0.014829874038696289
0.04117298126220703
0.030076026916503906
0.04496502876281738
0.051573991775512695
0.030200958251953125
0.021059036254882812
0.03563499450683594
0.04452109336853027
0.02277398109436035
0.04485297203063965
0.04146718978881836
0.02979898452758789
0.020573139190673828
0.03228187561035156
0.03464317321777344
0.040029048919677734
0.028606891632080078
0.05649304389953613
0.03772687911987305
0.02706289291381836
0.023533105850219727
0.025372028350830078
0.045655012130737305
0.052522897720336914
0.05200505256652832
0.024220943450927734
0.04908490180969238
0.0516810417175293
0.0496830940246582
0.05346798896789551
0.0362849235534668
0.029412031173706055
0.0531618595123291
0.051978111267089844
0.02373194694519043
0.028465986251831055
0.013801813125610352
0.0322420597076416
0.024738073348999023
0.01433706283569336
0.06395101547241211
0.04369521141052246
0.05426788330078125
0.021975994110107422
0.023661136627197266
0.021705150604248047
0.05820202827453613
0.02847003936767578
0.046398162841796875
0.0679628849029541
0.022552013397216797
0.04105997085571289
0.028675079345703125
0.06067705154418945
0.05663704872131348
0.05199313163757324
0.014676094055175781
0.039456844329833984
0.049506187438964844
0.015491008758544922
0.061885833740234375
0.0383450984954834
0.027254104614257812
0.04984283447265625
0.03828287124633789
0.056162118911743164
0.053472042083740234
0.025117158889770508
0.057067155838012695
0.032509803771972656
0.03196215629577637
0.03171491622924805
0.024393081665039062
0.039494991302490234
0.0572199821472168
0.0396120548248291
0.022617101669311523
0.026690959930419922
0.052186012268066406
0.028522968292236328
0.04692578315734863
0.05284404754638672
0.025809764862060547
0.04711604118347168
0.037307024002075195
0.05387401580810547
0.04411816596984863
0.044296979904174805
0.0614628791809082
0.05512213706970215
0.046423912048339844
0.04097604751586914
0.03395986557006836
0.04421806335449219
0.010679006576538086
0.039875030517578125
0.03702282905578613
0.034780025482177734
0.03471684455871582
0.028002023696899414
0.0515599250793457
0.015880107879638672
0.04430198669433594
0.03692507743835449
0.010059833526611328
0.050650835037231445
0.011277914047241211
0.03232097625732422
0.016717910766601562
0.040010929107666016
0.022980928421020508
0.06484389305114746
0.03804898262023926
0.035910844802856445
0.01939702033996582
0.021564960479736328
0.04101204872131348
0.04917001724243164
0.049787044525146484
0.049468040466308594
0.03404808044433594
0.024303913116455078
0.046421051025390625
0.016588211059570312
0.03399395942687988
0.04482603073120117
0.06458497047424316
0.06200003623962402
0.03789210319519043
0.047660112380981445
0.0552370548248291
0.020256996154785156
0.06143903732299805
0.016968965530395508
0.04073905944824219
0.03844618797302246
0.04381608963012695
0.035314083099365234
0.037322044372558594
0.022320032119750977
0.02406001091003418
0.049224853515625
0.027048110961914062
0.03615403175354004
0.041832923889160156
0.04035496711730957
0.03771805763244629
0.06576991081237793
0.05855894088745117
0.04957008361816406
0.028944969177246094
0.0483860969543457
0.03904008865356445
0.042372941970825195
0.03184390068054199
0.0408170223236084
0.04208207130432129
0.048880815505981445
0.02744007110595703
0.028311967849731445
0.04048609733581543
0.04102492332458496
0.05114412307739258
0.06121492385864258
0.04532194137573242
0.046208858489990234
0.051622867584228516
0.04132509231567383
0.03820991516113281
0.038207054138183594
0.05108284950256348
0.018615007400512695
0.023453950881958008
0.03452801704406738
0.009736776351928711
0.0337979793548584
0.029157161712646484
0.037344932556152344
0.020699024200439453
0.05080103874206543
0.03587007522583008
0.048583030700683594
0.03209209442138672
0.022516965866088867
0.012149810791015625
0.010597944259643555
0.03168296813964844
0.032971858978271484
0.016248226165771484
0.048913002014160156
0.04149794578552246
0.051460981369018555
0.024300098419189453
0.04979085922241211
0.032099008560180664
0.03196096420288086
0.046072959899902344
0.0351710319519043
0.03469491004943848
0.04723501205444336
0.04986310005187988
0.021311044692993164
0.015807151794433594
0.05590415000915527
0.014627933502197266
0.06713700294494629
0.0412139892578125
0.017745018005371094
0.07322907447814941
0.040103912353515625
0.027392148971557617
0.04948306083679199
0.0346829891204834
0.03314018249511719
0.013617992401123047
0.014372110366821289
0.052198171615600586
0.054535865783691406
0.03337693214416504
0.030956029891967773
0.0354619026184082
0.04200100898742676
0.06009197235107422
0.04414796829223633
0.029799938201904297
0.030472993850708008
0.06162118911743164
0.05298900604248047
0.04069399833679199
0.026758909225463867
0.044030189514160156
0.03227400779724121
0.024051189422607422
0.03804206848144531
0.01748204231262207
0.010226964950561523
0.047125816345214844
0.04571413993835449
0.028746843338012695
0.024352073669433594
0.04072308540344238
0.046633005142211914
0.03995990753173828
0.05259299278259277
0.022083044052124023
0.03320193290710449
0.030997037887573242
0.049794912338256836
0.06055879592895508
0.04967498779296875
0.013281106948852539
0.04201793670654297
0.020930051803588867
0.04712700843811035
0.027733802795410156
0.032011985778808594
