0.05834317207336426
0.041316986083984375
0.030220985412597656
0.03109598159790039
0.03597903251647949
0.0426478385925293
0.04206395149230957
0.030021190643310547
0.037097930908203125
0.053553104400634766
0.045922040939331055
0.021003007888793945
0.030369997024536133
0.04775881767272949
0.054821014404296875
0.034512996673583984
0.04025101661682129
0.030659198760986328
0.031100988388061523
0.01898789405822754
0.039613962173461914
0.020318031311035156
0.01230001449584961
0.017443180084228516
0.028250932693481445
0.057142019271850586
0.04694700241088867
0.019160985946655273
0.019927024841308594
0.034089088439941406
0.03714108467102051
0.03508496284484863
0.038823843002319336
0.02758002281188965
0.057991981506347656
0.03794503211975098
0.03490281105041504
0.045797109603881836
0.019819021224975586
0.042085886001586914
0.038374900817871094
0.051301002502441406
0.03453803062438965
0.021303892135620117
0.03702807426452637
0.0236818790435791
0.016483068466186523
0.02719902992248535
0.02408289909362793
0.029278993606567383
0.030421018600463867
0.014772176742553711
0.05573892593383789
0.034767866134643555
0.04331398010253906
0.042018890380859375
0.020255088806152344
0.04642200469970703
0.04071402549743652
0.027848005294799805
0.019729137420654297
0.05794692039489746
0.051496028900146484
0.023102998733520508
0.011926889419555664
0.05119895935058594
0.029227018356323242
0.022962093353271484
0.041854143142700195
0.04655599594116211
0.03235793113708496
0.05396604537963867
0.0699610710144043
0.03683018684387207
0.05315279960632324
0.02934885025024414
0.034255027770996094
0.04896903038024902
0.053173065185546875
0.05492210388183594
0.047308921813964844
0.056700944900512695
0.05431485176086426
0.02280282974243164
0.030937910079956055
0.027955055236816406
0.021758079528808594
0.02455306053161621
0.04013490676879883
0.032256126403808594
0.04479217529296875
0.05564093589782715
0.05227494239807129
0.05399513244628906
0.057363033294677734
0.02758002281188965
0.03344297409057617
0.04557991027832031
0.04316902160644531
0.055444955825805664
0.02574300765991211
0.03219890594482422
0.03977203369140625
0.010093212127685547
0.021800994873046875
0.05410504341125488
0.04003500938415527
0.0555720329284668
0.025593996047973633
0.04805898666381836
0.041491031646728516
0.021236896514892578
0.045423030853271484
0.040225982666015625
0.011757135391235352
0.028233051300048828
0.04165792465209961
0.04059481620788574
0.020390987396240234
0.03778791427612305
0.02470088005065918
0.03863811492919922
0.0420839786529541
0.02631402015686035
0.06231093406677246
0.027413129806518555
0.014600992202758789
0.03340315818786621
0.03766202926635742
0.04395294189453125
0.044345855712890625
0.04465079307556152
0.04706406593322754
0.03939700126647949
0.042433977127075195
0.0576021671295166
0.0648500919342041
0.03733515739440918
0.027995824813842773
0.026939868927001953
0.05970287322998047
0.030849933624267578
0.046003103256225586
0.031186819076538086
0.027534008026123047
0.020035982131958008
0.04747486114501953
0.058598995208740234
0.0350031852722168
0.05485820770263672
0.036100149154663086
0.033345937728881836
0.05390000343322754
0.02994084358215332
0.029439926147460938
0.04884815216064453
0.06992506980895996
0.04974198341369629
0.04313993453979492
0.04337811470031738
0.04521894454956055
0.037008047103881836
0.013952016830444336
0.05093193054199219
0.05720686912536621
0.03534889221191406
0.04594302177429199
0.04228401184082031
0.03494596481323242
0.047824859619140625
0.05218696594238281
0.05618786811828613
0.05035686492919922
0.04118084907531738
0.03465390205383301
0.061408042907714844
0.017551898956298828
0.022346019744873047
0.03249692916870117
0.049501895904541016
0.051586151123046875
0.05128598213195801
0.06341886520385742
0.028527021408081055
0.05318593978881836
0.02304387092590332
0.031922101974487305
0.0351870059967041
0.022738933563232422
0.04743003845214844
0.02547907829284668
0.055850982666015625
0.051815032958984375
0.029343128204345703
0.04370617866516113
0.01938915252685547
0.009945154190063477
0.04505205154418945
0.04967689514160156
0.05169200897216797
0.03784894943237305
0.028455018997192383
0.01961803436279297
0.04999709129333496
0.029201030731201172
0.04897499084472656
0.054255008697509766
0.0374300479888916
0.053926944732666016
0.03395509719848633
0.05325794219970703
0.03223896026611328
0.04786801338195801
0.04073190689086914
0.02184295654296875
0.027538061141967773
0.036737918853759766
0.055470943450927734
0.045007944107055664
0.030117034912109375
0.03362393379211426
0.02993297576904297
0.04514002799987793
0.051815032958984375
0.03067803382873535
0.04416298866271973
0.034111976623535156
0.03206586837768555
0.030658960342407227
0.036087989807128906
0.027106046676635742
0.03243899345397949
0.05353999137878418
0.05109000205993652
0.016338825225830078
0.04689812660217285
0.018791913986206055
0.053192138671875
0.033148765563964844
0.02893805503845215
0.05146384239196777
0.027791976928710938
0.06872916221618652
0.048249006271362305
0.04634690284729004
0.02319192886352539
0.04784393310546875
0.04974985122680664
0.015782833099365234
0.012884140014648438
0.02714395523071289
0.05528616905212402
0.048071861267089844
0.015658855438232422
0.03079390525817871
0.03492999076843262
0.02370285987854004
0.038125038146972656
0.024267911911010742
0.04818391799926758
0.055116891860961914
0.027601003646850586
0.02167487144470215
0.022490978240966797
0.05311989784240723
0.04018092155456543
0.02569413185119629
0.05426788330078125
0.031916141510009766
0.016470909118652344
0.029190778732299805
0.050904035568237305
0.06899213790893555
0.06578993797302246
0.028609037399291992
0.031297922134399414
0.04820704460144043
0.02366495132446289
0.06491398811340332
0.04749584197998047
0.05817985534667969
0.02345418930053711
0.01483011245727539
0.03889298439025879
0.04606294631958008
0.017873048782348633
0.025324106216430664
0.026042938232421875
0.025674104690551758
0.028280019760131836
0.0592498779296875
0.035919189453125
0.04544496536254883
0.04422903060913086
0.021925926208496094
0.05109596252441406
0.031928062438964844
0.0265350341796875
0.03764700889587402
0.03997611999511719
0.02192997932434082
0.029539108276367188
0.035516977310180664
0.02191305160522461
0.03392291069030762
0.030178070068359375
0.05564999580383301
0.04118609428405762
0.0375819206237793
0.0439910888671875
0.0404660701751709
0.03351902961730957
0.04607200622558594
0.03831911087036133
0.053067922592163086
0.02935481071472168
0.05244016647338867
0.03690290451049805
0.045738935470581055
0.03149580955505371
0.024279117584228516
0.0343928337097168
0.034338951110839844
0.036296844482421875
0.06097602844238281
0.05061793327331543
0.050891876220703125
0.019171953201293945
0.057878971099853516
0.03424191474914551
0.0572509765625
0.02460503578186035
0.010779142379760742
0.030045032501220703
0.04909706115722656
0.031562089920043945
0.05133795738220215
0.05506587028503418
0.024281978607177734
0.02065300941467285
0.020740985870361328
0.02442193031311035
0.024077177047729492
0.01789093017578125
0.008326053619384766
0.025492191314697266
0.06058907508850098
0.03102898597717285
0.0694589614868164
0.01488494873046875
0.03257489204406738
0.018151044845581055
0.03290605545043945
0.04607582092285156
0.05630087852478027
0.049585819244384766
0.06279778480529785
0.040470123291015625
0.0456540584564209
0.035761117935180664
0.06794190406799316
0.018442153930664062
0.05332493782043457
0.04901003837585449
0.018079042434692383
0.03590798377990723
0.052896976470947266
0.04797101020812988
0.0502619743347168
0.02988409996032715
0.05821490287780762
0.051568031311035156
0.028149127960205078
0.022114038467407227
0.0557248592376709
0.03694796562194824
0.05276608467102051
0.014560937881469727
0.02075481414794922
0.045567989349365234
0.04503583908081055
0.038210153579711914
0.030675888061523438
0.05913901329040527
0.01805400848388672
0.03196001052856445
0.040936946868896484
0.04160308837890625
0.04324817657470703
0.022938013076782227
0.018385887145996094
0.04656505584716797
0.049278974533081055
0.036376953125
0.02734684944152832
0.03837108612060547
0.05559492111206055
0.034626007080078125
0.022532939910888672
0.04021096229553223
0.049825191497802734
0.04889392852783203
0.030224084854125977
0.03430891036987305
0.028717041015625
0.03201794624328613
0.05273103713989258
0.04333376884460449
0.04716014862060547
0.04267287254333496
0.01661205291748047
0.058476924896240234
0.04158902168273926
0.046195030212402344
0.03261518478393555
0.05188798904418945
0.03907895088195801
0.0748589038848877
0.050882816314697266
0.04973602294921875
0.035830020904541016
0.02731609344482422
0.030732154846191406
0.04194188117980957
0.04054403305053711
0.020417213439941406
0.039354801177978516
0.042424917221069336
0.02989482879638672
0.015784025192260742
0.04419994354248047
0.0499880313873291
0.04203605651855469
0.05280494689941406
0.026999950408935547
0.05314898490905762
0.03002309799194336
0.04575920104980469
0.04636192321777344
0.02072286605834961
0.0574951171875
0.0619509220123291
0.02891683578491211
0.027962923049926758
0.05915713310241699
0.03698301315307617
0.032135009765625
0.050427913665771484
0.040873050689697266
0.036489009857177734
0.04485297203063965
0.03813815116882324
0.03633403778076172
0.07141900062561035
0.02837991714477539
0.013170003890991211
0.042571067810058594
0.03624987602233887
0.024080991744995117
0.012413978576660156
0.010275125503540039
0.06001400947570801
0.031095027923583984
0.06783795356750488
0.04775404930114746
0.04589700698852539
0.016379117965698242
0.028976917266845703
0.040367841720581055
0.01389002799987793
0.061486005783081055
0.02988886833190918
0.06209301948547363
0.03854799270629883
0.027627944946289062
0.022443056106567383
0.05063295364379883
0.02370595932006836
0.04849720001220703
0.017990827560424805
0.03329801559448242
0.03346610069274902
0.03448915481567383
0.03389787673950195
0.04543900489807129
0.05543994903564453
0.06398987770080566
0.045773983001708984
0.033969879150390625
0.04860711097717285
0.02447795867919922
0.0337982177734375
0.028413772583007812
0.04943418502807617
0.05394697189331055
0.04372000694274902
0.04749703407287598
0.05814099311828613
0.0435178279876709
0.0490720272064209
0.01599407196044922
0.014755964279174805
0.03665900230407715
0.05933499336242676
0.019929170608520508
0.04486989974975586
0.057105064392089844
0.08827710151672363
0.0528569221496582
0.03634285926818848
0.041330814361572266
0.050948143005371094
0.025841951370239258
0.050749778747558594
0.021363019943237305
0.04792213439941406
0.02212977409362793
0.050898075103759766
0.01758098602294922
0.02656102180480957
0.024260997772216797
0.027962207794189453
0.027081966400146484
0.028439998626708984
0.03456997871398926
0.04738306999206543
0.028612136840820312
0.03987002372741699
0.049790143966674805
0.05260300636291504
0.05567312240600586
0.050866127014160156
0.04633307456970215
0.04893207550048828
0.023350954055786133
0.03131818771362305
0.028139829635620117
0.04551100730895996
0.04214596748352051
0.03479790687561035
0.012881994247436523
0.04268503189086914
0.040570974349975586
0.015539884567260742
0.03944587707519531
0.04910898208618164
0.03116297721862793
0.041661977767944336
0.030993938446044922
0.03506207466125488
0.05027318000793457
0.06910490989685059
0.013419866561889648
0.05610799789428711
0.05213785171508789
0.061534881591796875
0.04722285270690918
0.03654599189758301
0.05115985870361328
0.014038801193237305
0.05321192741394043
0.052078962326049805
0.025812864303588867
0.0630958080291748
0.05031609535217285
0.04842782020568848
0.01574420928955078
0.05704998970031738
0.056075096130371094
0.04342508316040039
0.05187511444091797
0.041406869888305664
0.04850292205810547
0.01770496368408203
0.06164097785949707
0.015961170196533203
0.022288084030151367
0.05035209655761719
0.015761852264404297
0.034802913665771484
0.04299497604370117
0.029958009719848633
0.041352033615112305
0.017835140228271484
0.06352686882019043
0.039021968841552734
0.022925138473510742
0.04102301597595215
0.0360109806060791
0.0246429443359375
0.010246992111206055
0.03825712203979492
0.03171110153198242
0.0237579345703125
0.04160904884338379
0.052961111068725586
0.03895092010498047
0.05838203430175781
0.03840804100036621
0.03528094291687012
