0.06642007827758789
0.01494908332824707
0.04376411437988281
0.028337955474853516
0.02327108383178711
0.037301063537597656
0.03055119514465332
0.06238102912902832
0.034947872161865234
0.02435898780822754
0.028376102447509766
0.021584033966064453
0.045461177825927734
0.032421112060546875
0.0326991081237793
0.04755997657775879
0.046154022216796875
0.0352940559387207
0.04283905029296875
0.027918100357055664
0.047132015228271484
0.03489995002746582
0.04095196723937988
0.03999805450439453
0.033349037170410156
0.047239065170288086
0.02711796760559082
0.01594996452331543
0.02997899055480957
0.04132199287414551
0.04733014106750488
0.05608201026916504
0.04207587242126465
0.05393695831298828
0.030025959014892578
0.0370941162109375
0.012310028076171875
0.029407978057861328
0.040062904357910156
0.043734073638916016
0.015141963958740234
0.03763699531555176
0.05029702186584473
0.02190399169921875
0.053080081939697266
0.049479007720947266
0.015661954879760742
0.045639991760253906
0.052446842193603516
0.04316902160644531
0.030385971069335938
0.03166508674621582
0.0630960464477539
0.028038978576660156
0.031166791915893555
0.044538021087646484
0.02843308448791504
0.02852606773376465
0.03179192543029785
0.03306698799133301
0.051033973693847656
0.012384891510009766
0.04597592353820801
0.02303314208984375
0.04912686347961426
0.047219038009643555
0.035318851470947266
0.047564029693603516
0.03777289390563965
0.05666017532348633
0.035398006439208984
0.06896615028381348
0.049330949783325195
0.05262398719787598
0.04835700988769531
0.0353848934173584
0.04530000686645508
0.050621986389160156
0.03806304931640625
0.024801015853881836
0.035189151763916016
0.048805952072143555
0.02756786346435547
0.06211495399475098
0.04458212852478027
0.04848599433898926
0.02031993865966797
0.026480913162231445
0.045391082763671875
0.06113409996032715
0.0418248176574707
0.02581787109375
0.053032875061035156
0.032672882080078125
0.05770301818847656
0.052824974060058594
0.030704975128173828
0.04694795608520508
0.052828073501586914
0.012832164764404297
0.0300137996673584
0.020556926727294922
0.038076162338256836
0.03786587715148926
0.05636191368103027
0.0294950008392334
0.02968597412109375
0.015412092208862305
0.023708105087280273
0.036598920822143555
0.03040599822998047
0.04867196083068848
0.02790212631225586
0.0413670539855957
0.03880906105041504
0.03926491737365723
0.01658010482788086
0.026215076446533203
0.033178091049194336
0.028357982635498047
0.05300402641296387
0.054724931716918945
0.0544431209564209
0.0346369743347168
0.04129195213317871
0.044883012771606445
0.04214811325073242
0.04898691177368164
0.029263973236083984
0.022504806518554688
0.017488956451416016
0.027946949005126953
0.0460200309753418
0.020817041397094727
0.028007984161376953
0.046305179595947266
0.030838966369628906
0.025043964385986328
0.02313399314880371
0.03487396240234375
0.03832888603210449
0.06427001953125
0.02249312400817871
0.0408480167388916
0.034644126892089844
0.027530908584594727
0.06948709487915039
0.020149946212768555
0.04577803611755371
0.029232025146484375
0.018388986587524414
0.03215217590332031
0.01596999168395996
0.03604602813720703
0.014010190963745117
0.02484297752380371
0.05421614646911621
0.03718209266662598
0.03795313835144043
0.030184030532836914
0.06215476989746094
0.029883146286010742
0.048304080963134766
0.007692813873291016
0.016208887100219727
0.01781010627746582
0.024480104446411133
0.05233907699584961
0.056320905685424805
0.029752016067504883
0.05147504806518555
0.041127920150756836
0.05147194862365723
0.02691197395324707
0.03856301307678223
0.022716045379638672
0.04058384895324707
0.05288290977478027
0.051596879959106445
0.03791499137878418
0.012393951416015625
0.03174400329589844
0.009405136108398438
0.04836297035217285
0.02997303009033203
0.04011702537536621
0.03267407417297363
0.04589700698852539
0.015229940414428711
0.033818960189819336
0.048799991607666016
0.030861854553222656
0.03240704536437988
0.0619349479675293
0.01182699203491211
0.06584620475769043
0.03309178352355957
0.029732942581176758
0.02532505989074707
0.04255104064941406
0.054293155670166016
0.02796792984008789
0.030798912048339844
0.03744912147521973
0.03439903259277344
0.0419621467590332
0.04273104667663574
0.028568029403686523
0.01491403579711914
0.03798198699951172
0.012619972229003906
0.0548858642578125
0.03333711624145508
0.03882098197937012
0.05098986625671387
0.03728914260864258
0.027190208435058594
0.05820298194885254
0.04468512535095215
0.03836202621459961
0.033154964447021484
0.05035901069641113
0.01910114288330078
0.04174304008483887
0.032655954360961914
0.04901313781738281
0.042136192321777344
0.044203996658325195
0.04018688201904297
0.016538143157958984
0.040255069732666016
0.03824806213378906
0.056159019470214844
0.058341026306152344
0.016318082809448242
0.041758060455322266
0.040042877197265625
0.04778599739074707
0.04392194747924805
0.046386003494262695
0.012533903121948242
0.017976999282836914
0.033357858657836914
0.02756190299987793
0.045350074768066406
0.028330087661743164
0.022049903869628906
0.042732954025268555
0.021879196166992188
0.03757500648498535
0.03456711769104004
0.04146981239318848
0.04604792594909668
0.013037919998168945
0.06510591506958008
0.036622047424316406
0.01855778694152832
0.04316902160644531
0.018683910369873047
0.05859994888305664
0.0411529541015625
0.03623700141906738
0.06093597412109375
0.03339409828186035
0.05034685134887695
0.047142982482910156
0.040657997131347656
0.052609920501708984
0.04812908172607422
0.05531191825866699
0.01487112045288086
0.041602134704589844
0.03322005271911621
0.037164926528930664
0.04133892059326172
0.0409848690032959
0.04280996322631836
0.026124954223632812
0.04520606994628906
0.02054882049560547
0.025480031967163086
0.05583310127258301
0.056352853775024414
0.03173089027404785
0.05453014373779297
0.03638100624084473
0.033637046813964844
0.04183697700500488
0.04616403579711914
0.046151161193847656
0.03062605857849121
0.025941133499145508
0.017117977142333984
0.025480031967163086
0.03448605537414551
0.04950690269470215
0.07514595985412598
0.024374961853027344
0.038423776626586914
0.019042015075683594
0.05132603645324707
0.034767866134643555
0.04779410362243652
0.05356311798095703
0.024447917938232422
0.03786206245422363
0.06497597694396973
0.04625701904296875
0.03494596481323242
0.03903603553771973
0.024420976638793945
0.046501874923706055
0.013715028762817383
0.05138278007507324
0.03733706474304199
0.04198789596557617
0.037248849868774414
0.06343221664428711
0.050668954849243164
0.04005002975463867
0.03289604187011719
0.02033710479736328
0.01636505126953125
0.04059600830078125
0.05968499183654785
0.0417780876159668
0.03253984451293945
0.05446600914001465
0.04007101058959961
0.03658294677734375
0.04604196548461914
0.02023911476135254
0.04563307762145996
0.04700303077697754
0.02638101577758789
0.05092597007751465
0.037904977798461914
0.04666590690612793
0.03546595573425293
0.014433145523071289
0.04704403877258301
0.04217886924743652
0.029468059539794922
0.02473306655883789
0.02861499786376953
0.017251014709472656
0.013520002365112305
0.034407854080200195
0.023128986358642578
0.03102588653564453
0.042897939682006836
0.04779386520385742
0.015799999237060547
0.055251121520996094
0.019298076629638672
0.05349993705749512
0.010826826095581055
0.020079851150512695
0.046234130859375
0.049295902252197266
0.0583958625793457
0.03093099594116211
0.03861093521118164
0.03083205223083496
0.03937196731567383
0.0636751651763916
0.046031951904296875
0.033721923828125
0.025204896926879883
0.025012969970703125
0.039978981018066406
0.05481410026550293
0.0326848030090332
0.057908058166503906
0.050740957260131836
0.022945165634155273
0.01875615119934082
0.03253602981567383
0.022355079650878906
0.048024892807006836
0.0319371223449707
0.05942106246948242
0.060697078704833984
0.0345611572265625
0.020606040954589844
0.04645395278930664
0.028892040252685547
0.053627967834472656
0.01721501350402832
0.053147077560424805
0.008404970169067383
0.029832124710083008
0.03506612777709961
0.05785703659057617
0.03272199630737305
0.006645917892456055
0.061155080795288086
0.04048418998718262
0.051673173904418945
0.01265406608581543
0.03078007698059082
0.03480792045593262
0.04457402229309082
0.027667999267578125
0.04099583625793457
0.04079914093017578
0.02010798454284668
0.033247947692871094
0.04432201385498047
0.02764105796813965
0.018261194229125977
0.03348708152770996
0.030823945999145508
0.028665781021118164
0.047467947006225586
0.05690193176269531
0.0402979850769043
0.05194091796875
0.05171608924865723
0.05440807342529297
0.05129504203796387
0.05094504356384277
0.025418996810913086
0.05089092254638672
0.06944489479064941
0.02409219741821289
0.060517072677612305
0.029247045516967773
0.04186201095581055
0.05883598327636719
0.053421974182128906
0.03257417678833008
0.04115605354309082
0.041589975357055664
0.02761697769165039
0.04285287857055664
0.058825016021728516
0.038767099380493164
0.04591012001037598
0.04974818229675293
0.017518997192382812
0.01619696617126465
0.032952070236206055
0.03852081298828125
0.010073184967041016
0.0427701473236084
0.04404115676879883
0.04183816909790039
0.02628183364868164
0.029636144638061523
0.021673917770385742
0.040715932846069336
0.03956294059753418
0.060366153717041016
0.03292512893676758
0.042964935302734375
0.03475689888000488
0.03155994415283203
0.060587167739868164
0.0364990234375
0.04460787773132324
0.05501079559326172
0.022458791732788086
0.04918408393859863
0.019874095916748047
0.03293204307556152
0.055201053619384766
0.016485214233398438
0.009418964385986328
0.04052996635437012
0.04962611198425293
0.05707597732543945
0.06568598747253418
0.0558018684387207
0.02794790267944336
0.042109012603759766
0.051284074783325195
0.02350592613220215
0.024320125579833984
0.05414891242980957
0.024429798126220703
0.033030033111572266
0.03589987754821777
0.0689239501953125
0.028939008712768555
0.043424129486083984
0.05705404281616211
0.02449512481689453
0.036228179931640625
0.05683612823486328
0.054451942443847656
0.0466458797454834
0.03802990913391113
0.0293729305267334
0.047801971435546875
0.036219120025634766
0.05588889122009277
0.05306601524353027
0.04463601112365723
0.05168294906616211
0.04920387268066406
0.06119203567504883
0.023303985595703125
0.04601097106933594
0.013950109481811523
0.046183109283447266
0.04879403114318848
0.05591583251953125
0.011805057525634766
0.0509638786315918
0.024486064910888672
0.016398906707763672
0.036293983459472656
0.04651999473571777
0.034631967544555664
0.04010605812072754
0.00958395004272461
0.049060821533203125
0.04793596267700195
0.06787800788879395
0.024238109588623047
0.06612801551818848
0.02396106719970703
0.0245819091796875
0.0794210433959961
0.02786993980407715
0.03563690185546875
0.022335052490234375
0.04503011703491211
0.045120954513549805
0.022124052047729492
0.058915138244628906
0.04555916786193848
0.014646053314208984
0.0661628246307373
0.052551984786987305
0.015039205551147461
0.052420854568481445
0.04343390464782715
0.02347111701965332
0.03956413269042969
0.01728510856628418
0.040291786193847656
0.06593704223632812
0.02702808380126953
0.03094005584716797
0.013076066970825195
0.01808309555053711
0.03548312187194824
0.03057718276977539
0.020008087158203125
0.053511857986450195
0.04606819152832031
0.022242069244384766
0.034626007080078125
0.027415037155151367
0.012706995010375977
0.026486873626708984
0.04765200614929199
0.054308176040649414
0.024092912673950195
0.0571141242980957
0.03839278221130371
0.04906010627746582
0.040209054946899414
0.030153989791870117
0.0380098819732666
0.027380943298339844
0.03167009353637695
0.03868985176086426
0.0579071044921875
0.03323197364807129
0.04237794876098633
0.03886103630065918
0.05085396766662598
0.03243279457092285
0.021114110946655273
0.05593609809875488
0.031009197235107422
0.06007695198059082
0.05621504783630371
0.020434141159057617
0.01672196388244629
0.04098200798034668
0.02679586410522461
0.05311012268066406
0.027625083923339844
0.04947996139526367
0.05607795715332031
0.01590895652770996
0.04009509086608887
0.029893875122070312
0.03616690635681152
0.04178810119628906
0.019961833953857422
0.0350949764251709
0.013377904891967773
0.02055191993713379
0.02973198890686035
0.00616908073425293
