0.0386660099029541
0.016175031661987305
0.036125898361206055
0.03592109680175781
0.016704082489013672
0.01287984848022461
0.01666998863220215
0.038004159927368164
0.03335094451904297
0.045536041259765625
0.04379391670227051
0.07945895195007324
0.03384900093078613
0.052281856536865234
0.04884505271911621
0.04151582717895508
0.03329801559448242
0.059426069259643555
0.03135991096496582
0.050009965896606445
0.03982090950012207
0.041825056076049805
0.041632890701293945
0.051367998123168945
0.04739785194396973
0.03323101997375488
0.04072999954223633
0.025043964385986328
0.04303789138793945
0.040574073791503906
0.04529905319213867
0.05377912521362305
0.024571895599365234
0.05425000190734863
0.04973006248474121
0.016540050506591797
0.061628103256225586
0.04175400733947754
0.016499996185302734
0.041090965270996094
0.05670785903930664
0.04130196571350098
0.023001909255981445
0.019794940948486328
0.02346205711364746
0.05692291259765625
0.024906158447265625
0.031147003173828125
0.02406787872314453
0.045855045318603516
0.05779695510864258
0.06511092185974121
0.04551196098327637
0.024370908737182617
0.05614614486694336
0.01423788070678711
0.05540609359741211
0.026255130767822266
0.05382204055786133
0.05419111251831055
0.04604983329772949
0.014272928237915039
0.023418903350830078
0.7079150676727295
0.021413087844848633
0.02894902229309082
0.041249990463256836
0.027659893035888672
0.0559389591217041
0.032476186752319336
0.03300285339355469
0.05154705047607422
0.03322887420654297
0.05081295967102051
0.043699026107788086
0.03624105453491211
0.03956794738769531
0.04433703422546387
0.03402280807495117
0.016119956970214844
0.040270090103149414
0.05519700050354004
0.052368879318237305
0.04062485694885254
0.03119802474975586
0.03184700012207031
0.038205862045288086
0.05083203315734863
0.04410600662231445
0.03401899337768555
0.027659893035888672
0.041226863861083984
0.05179095268249512
0.04056692123413086
0.027264833450317383
0.0417628288269043
0.03022003173828125
0.03133106231689453
0.03396797180175781
0.04097104072570801
0.02988290786743164
0.03936409950256348
0.03531193733215332
0.039112091064453125
0.048857927322387695
0.029985904693603516
0.02295994758605957
0.046148061752319336
0.02815413475036621
0.04542708396911621
0.06313109397888184
0.024708986282348633
0.055108070373535156
0.05437493324279785
0.012166976928710938
0.026927947998046875
0.04700899124145508
0.053869009017944336
0.03197312355041504
0.020473003387451172
0.0565190315246582
0.034132957458496094
0.03496694564819336
0.031495094299316406
0.038887977600097656
0.04186606407165527
0.034568071365356445
0.035070180892944336
0.01912212371826172
0.02313089370727539
0.022377967834472656
0.021682024002075195
0.04220390319824219
0.02376699447631836
0.04684305191040039
0.019093036651611328
0.02446913719177246
0.050279855728149414
0.04534196853637695
0.016701936721801758
0.02941584587097168
0.018484115600585938
0.04192495346069336
0.05402088165283203
0.06409788131713867
0.07690906524658203
0.01220393180847168
0.03921389579772949
0.04066205024719238
0.03087306022644043
0.05765700340270996
0.03166007995605469
0.035002946853637695
0.041043996810913086
0.045324087142944336
0.05302309989929199
0.02413201332092285
0.028384923934936523
0.047231197357177734
0.021106958389282227
0.053399085998535156
0.04433393478393555
0.04699110984802246
0.03847217559814453
0.05802202224731445
0.02871108055114746
0.0290219783782959
0.03416800498962402
0.07726812362670898
0.02800607681274414
0.04364609718322754
0.04969596862792969
0.05529594421386719
0.03221487998962402
0.05600309371948242
0.04430794715881348
0.06088614463806152
0.03190803527832031
0.013267993927001953
0.048744916915893555
0.048174142837524414
0.04867196083068848
0.025867938995361328
0.030148029327392578
0.02848196029663086
0.05930185317993164
0.052358150482177734
0.04085206985473633
0.031350135803222656
0.028248071670532227
0.03485894203186035
0.030749082565307617
0.020732879638671875
0.03970694541931152
0.05745697021484375
0.05578899383544922
0.05392193794250488
0.03830289840698242
0.05199480056762695
0.02438211441040039
0.038162946701049805
0.0612950325012207
0.032171010971069336
0.043077945709228516
0.04362297058105469
0.05380606651306152
0.043168067932128906
0.04200291633605957
0.03720808029174805
0.04545307159423828
0.04992485046386719
0.04964494705200195
0.0221560001373291
0.02280592918395996
0.04542207717895508
0.0691220760345459
0.03603696823120117
0.03478217124938965
0.024045944213867188
0.016546010971069336
0.027962207794189453
0.049530029296875
0.050454139709472656
0.027391910552978516
0.038053035736083984
0.05793905258178711
0.044934988021850586
0.02134108543395996
0.02930903434753418
0.024281024932861328
0.04034996032714844
0.03102278709411621
0.02775287628173828
0.045350074768066406
0.04949498176574707
0.03404498100280762
0.023574113845825195
0.026133060455322266
0.03543996810913086
0.02449798583984375
0.03831815719604492
0.06097102165222168
0.035431861877441406
0.01632094383239746
0.04733014106750488
0.0432589054107666
0.0228118896484375
0.09015607833862305
0.0667259693145752
0.03514504432678223
0.033930063247680664
0.020492076873779297
0.035398006439208984
0.043524980545043945
0.055020809173583984
0.03457283973693848
0.02271580696105957
0.05701112747192383
0.04036211967468262
0.05925703048706055
0.012286901473999023
0.05170297622680664
0.06917595863342285
0.03716707229614258
0.08087801933288574
0.04021191596984863
0.03216886520385742
0.058899879455566406
0.045506954193115234
0.058177947998046875
0.016698122024536133
0.043424129486083984
0.0318300724029541
0.0531010627746582
0.009958028793334961
0.053769826889038086
0.03654813766479492
0.04864811897277832
0.04960298538208008
0.04516410827636719
0.031404972076416016
0.0175321102142334
0.07295703887939453
0.04694199562072754
0.043318986892700195
0.05313920974731445
0.03816580772399902
0.047955989837646484
0.038871049880981445
0.01673102378845215
0.027000904083251953
0.018157005310058594
0.06521487236022949
0.0341639518737793
0.023777008056640625
0.04139113426208496
0.02294611930847168
0.04802513122558594
0.030939102172851562
0.02337503433227539
0.06179094314575195
0.025771141052246094
0.02105402946472168
0.04871201515197754
0.03530693054199219
0.04132795333862305
0.03146195411682129
0.05681109428405762
0.05170798301696777
0.03467893600463867
0.027384042739868164
0.022614002227783203
0.040461063385009766
0.014159917831420898
0.024387121200561523
0.029139041900634766
0.04959702491760254
0.05305314064025879
0.042983055114746094
0.03705406188964844
0.04231691360473633
0.049421072006225586
0.05930805206298828
0.055639028549194336
0.03876996040344238
0.012418985366821289
0.053288936614990234
0.05256986618041992
0.0293118953704834
0.044242143630981445
0.010097026824951172
0.04313182830810547
0.039855003356933594
0.046328067779541016
0.0505070686340332
0.022660017013549805
0.0609898567199707
0.03217792510986328
0.038038015365600586
0.043463945388793945
0.02307915687561035
0.05463600158691406
0.03286910057067871
0.053807973861694336
0.03300213813781738
0.025602102279663086
0.05292510986328125
0.03834199905395508
0.06933999061584473
0.04441189765930176
0.02754497528076172
0.04060101509094238
0.030848026275634766
0.040290117263793945
0.03482818603515625
0.02043914794921875
0.04082083702087402
0.03544187545776367
0.02809286117553711
0.04972386360168457
0.019546985626220703
0.04166603088378906
0.05537009239196777
0.0447850227355957
0.036154985427856445
0.02482914924621582
0.04792284965515137
0.03324007987976074
0.053160905838012695
0.04324007034301758
0.04519200325012207
0.05488991737365723
0.034429073333740234
0.021206140518188477
0.02570199966430664
0.01845097541809082
0.01253509521484375
0.010604143142700195
0.04196596145629883
0.04902911186218262
0.04793596267700195
0.05083203315734863
0.038073062896728516
0.030178070068359375
0.05186295509338379
0.07384991645812988
0.018529891967773438
0.01639699935913086
0.048577070236206055
0.02971506118774414
0.0518648624420166
0.015874147415161133
0.028020858764648438
0.016248226165771484
0.052819013595581055
0.022159099578857422
0.022500991821289062
0.05042576789855957
0.018157958984375
0.06770992279052734
0.056011199951171875
0.052883148193359375
0.023481130599975586
0.027152061462402344
0.0311429500579834
0.038084983825683594
0.034722089767456055
0.04052901268005371
0.02047109603881836
0.06316399574279785
0.023823976516723633
0.03759288787841797
0.04003596305847168
0.051069021224975586
0.04539608955383301
0.034525156021118164
0.035943031311035156
0.05429482460021973
0.032763004302978516
0.030948877334594727
0.03781294822692871
0.053006887435913086
0.04120182991027832
0.01057887077331543
0.05086493492126465
0.046106815338134766
0.021799087524414062
0.0426030158996582
0.042559146881103516
0.01670217514038086
0.049449920654296875
0.057125091552734375
0.03694319725036621
0.03886008262634277
0.01877593994140625
0.029499053955078125
0.042135000228881836
0.037248849868774414
0.04485321044921875
0.04264092445373535
0.019321918487548828
0.051527976989746094
0.027336835861206055
0.05521416664123535
0.014945030212402344
0.06027412414550781
0.0333859920501709
0.04386496543884277
0.03957009315490723
0.046151161193847656
0.052400827407836914
0.05101799964904785
0.03233003616333008
0.04884600639343262
0.015254020690917969
0.0443880558013916
0.0535428524017334
0.03951621055603027
0.0450139045715332
0.01677703857421875
0.05439496040344238
0.014856100082397461
0.049330949783325195
0.03135991096496582
0.04535412788391113
0.0397038459777832
0.03270912170410156
0.05029296875
0.029523849487304688
0.0439610481262207
0.02959299087524414
0.0377039909362793
0.044158220291137695
0.04158210754394531
0.055171966552734375
0.02872300148010254
0.03160905838012695
0.03850507736206055
0.020509004592895508
0.04784393310546875
0.05888199806213379
0.07346701622009277
0.04806113243103027
0.02498006820678711
0.032106876373291016
0.014950990676879883
0.030604839324951172
0.0243380069732666
0.02457904815673828
0.04358100891113281
0.040268898010253906
0.0408329963684082
0.0382840633392334
0.04169797897338867
0.0232241153717041
0.026702880859375
0.03600502014160156
0.020486831665039062
0.049211978912353516
0.047209978103637695
0.031069040298461914
0.05460095405578613
0.05450701713562012
0.019813060760498047
0.04449605941772461
0.03286099433898926
0.03350186347961426
0.04456305503845215
0.05279803276062012
0.04081296920776367
0.054270029067993164
0.035772085189819336
0.031958818435668945
0.04655194282531738
0.029929161071777344
0.018214941024780273
0.05532407760620117
0.01725602149963379
0.012490034103393555
0.05004096031188965
0.05542612075805664
0.03455781936645508
0.03134298324584961
0.030958890914916992
0.036559104919433594
0.0513460636138916
0.018620014190673828
0.05118703842163086
0.02027606964111328
0.044851064682006836
0.05640292167663574
0.0302431583404541
0.04678487777709961
0.022747039794921875
0.02460479736328125
0.042910099029541016
0.013960838317871094
0.0374150276184082
0.05345487594604492
0.039549827575683594
0.02954411506652832
0.042999982833862305
0.013176918029785156
0.040426015853881836
0.021685123443603516
0.025249004364013672
0.053514957427978516
0.018025875091552734
0.050401926040649414
0.048937082290649414
0.023540973663330078
0.04246401786804199
0.027562856674194336
0.03235006332397461
0.019680023193359375
0.02799510955810547
0.03820180892944336
0.06136012077331543
0.01650404930114746
0.04774308204650879
0.041551828384399414
0.016544103622436523
0.0494389533996582
0.02437305450439453
0.02446913719177246
0.043736934661865234
0.060279130935668945
0.04386401176452637
0.03384113311767578
0.045217037200927734
0.042849063873291016
0.03132915496826172
0.024581193923950195
0.03404498100280762
0.04327702522277832
0.025890827178955078
0.047373056411743164
0.04843783378601074
0.05813407897949219
0.04618096351623535
0.04015612602233887
0.040309906005859375
0.024309158325195312
0.03229689598083496
0.035861968994140625
0.02209615707397461
0.06634712219238281
0.02915501594543457
0.010177850723266602
0.04049491882324219
0.03867387771606445
0.05271482467651367
0.0272979736328125
0.033228158950805664
0.04465198516845703
0.027953147888183594
0.03240013122558594
0.020856857299804688
0.015462160110473633
0.00863790512084961
