0.059227943420410156
0.038610219955444336
0.02118992805480957
0.05090022087097168
0.032469987869262695
0.030133962631225586
0.04770493507385254
0.014146089553833008
0.024508953094482422
0.02799201011657715
0.056030988693237305
0.048995018005371094
0.040284156799316406
0.022869110107421875
0.04609417915344238
0.050269126892089844
0.02679300308227539
0.02928304672241211
0.036721229553222656
0.0319061279296875
0.03191781044006348
0.04230809211730957
0.031028032302856445
0.020476102828979492
0.027292966842651367
0.017852067947387695
0.06923699378967285
0.054038047790527344
0.016108989715576172
0.04944181442260742
0.03701901435852051
0.06523704528808594
0.051177024841308594
0.04452919960021973
0.03296804428100586
0.05296015739440918
0.04389786720275879
0.018789052963256836
0.04506087303161621
0.023688077926635742
0.05683588981628418
0.01605701446533203
0.04928302764892578
0.053244829177856445
0.018429040908813477
0.046833038330078125
0.047102928161621094
0.055194854736328125
0.016459941864013672
0.03725600242614746
0.010802984237670898
0.05423402786254883
0.046803951263427734
0.0402371883392334
0.04880094528198242
0.03745698928833008
0.026048898696899414
0.03805708885192871
0.04963397979736328
0.02201080322265625
0.054910898208618164
0.02265191078186035
0.0549318790435791
0.02932286262512207
0.026916027069091797
0.044972896575927734
0.029867887496948242
0.027261972427368164
0.05000615119934082
0.034715890884399414
0.06599712371826172
0.039025068283081055
0.02114105224609375
0.0281829833984375
0.03928089141845703
0.05307292938232422
0.03174114227294922
0.046510934829711914
0.047019004821777344
0.0254819393157959
0.049302101135253906
0.05496096611022949
0.022907018661499023
0.024682998657226562
0.04304003715515137
0.027183055877685547
0.058103084564208984
0.037895917892456055
0.033493995666503906
0.030179977416992188
0.020581960678100586
0.049147844314575195
0.027564048767089844
0.04697704315185547
0.04350686073303223
0.04763197898864746
0.016510009765625
0.04351305961608887
0.03805994987487793
0.05698680877685547
0.026588916778564453
0.03465104103088379
0.03521895408630371
0.026752948760986328
0.043881893157958984
0.04427313804626465
0.022914886474609375
0.04887509346008301
0.04841208457946777
0.0371701717376709
0.0365910530090332
0.059458017349243164
0.008639097213745117
0.03462791442871094
0.04053306579589844
0.032913923263549805
0.022793054580688477
0.02509903907775879
0.055108070373535156
0.012202024459838867
0.020635128021240234
0.025938987731933594
0.06510496139526367
0.06088113784790039
0.01883077621459961
0.025875091552734375
0.012344121932983398
0.021365880966186523
0.03795218467712402
0.03841400146484375
0.04250597953796387
0.013670206069946289
0.04500699043273926
0.02337503433227539
0.04921913146972656
0.04224801063537598
0.02955007553100586
0.019661903381347656
0.03323101997375488
0.04794812202453613
0.026434898376464844
0.027595996856689453
0.04965806007385254
0.05902981758117676
0.037676095962524414
0.056420087814331055
0.020714998245239258
0.027200937271118164
0.056761980056762695
0.020231008529663086
0.028103113174438477
0.013957023620605469
0.03996706008911133
0.020286083221435547
0.0473940372467041
0.0526731014251709
0.014445066452026367
0.05295205116271973
0.0537569522857666
0.02130603790283203
0.04676413536071777
0.014693021774291992
0.057528018951416016
0.04789400100708008
0.04757094383239746
0.019176959991455078
0.0436558723449707
0.05281186103820801
0.04778289794921875
0.009591102600097656
0.059361934661865234
0.030444860458374023
0.0439760684967041
0.04324984550476074
0.031186819076538086
0.04409909248352051
0.04523897171020508
0.028623104095458984
0.04209280014038086
0.03222489356994629
0.04503893852233887
0.0460820198059082
0.043699026107788086
0.03257608413696289
0.044654130935668945
0.03268599510192871
0.021213054656982422
0.043272972106933594
0.018362045288085938
0.028822898864746094
0.02403092384338379
0.05272388458251953
0.0718848705291748
0.02389383316040039
0.028218984603881836
0.04832100868225098
0.04440903663635254
0.05774497985839844
0.04899787902832031
0.03242206573486328
0.023441076278686523
0.03278398513793945
0.022655010223388672
0.06114602088928223
0.02071213722229004
0.04485297203063965
0.049970149993896484
0.020695209503173828
0.028980016708374023
0.03795981407165527
0.03970193862915039
0.03896307945251465
0.027187824249267578
0.01855301856994629
0.03172588348388672
0.06883597373962402
0.050292015075683594
0.030139923095703125
0.052893877029418945
0.0225830078125
0.02398514747619629
0.04772496223449707
0.04749894142150879
0.05266594886779785
0.03661799430847168
0.0497589111328125
0.049104928970336914
0.028074979782104492
0.020915985107421875
0.06374382972717285
0.03528308868408203
0.03516101837158203
0.04894399642944336
0.04895901679992676
0.0554349422454834
0.015434026718139648
0.032256126403808594
0.03119206428527832
0.04693198204040527
0.03353309631347656
0.038017988204956055
0.04228401184082031
0.04193282127380371
0.0487971305847168
0.047074079513549805
0.022763967514038086
0.05396318435668945
0.03279614448547363
0.05051708221435547
0.04739809036254883
0.046380043029785156
0.035742998123168945
0.03682708740234375
0.011883020401000977
0.043107032775878906
0.054160118103027344
0.03300189971923828
0.03366398811340332
0.049104928970336914
0.04057598114013672
0.05388498306274414
0.04941582679748535
0.02643108367919922
0.042349815368652344
0.03455305099487305
0.02975010871887207
0.040429115295410156
0.03490304946899414
0.06764698028564453
0.0690150260925293
0.03396415710449219
0.03766322135925293
0.025683879852294922
0.03842592239379883
0.047078847885131836
0.020349979400634766
0.043853044509887695
0.046785831451416016
0.048966169357299805
0.04181098937988281
0.04416203498840332
0.01813197135925293
0.032063961029052734
0.04356789588928223
0.03204202651977539
0.05200600624084473
0.03248190879821777
0.06379389762878418
0.03591513633728027
0.045082807540893555
0.0273740291595459
0.01890397071838379
0.037162065505981445
0.048950910568237305
0.05680584907531738
0.044302940368652344
0.047593116760253906
0.04050898551940918
0.037603139877319336
0.027441978454589844
0.05303597450256348
0.04401683807373047
0.04207491874694824
0.016132116317749023
0.02331399917602539
0.054995059967041016
0.036283016204833984
0.04532909393310547
0.04032397270202637
0.050740957260131836
0.03511500358581543
0.012672901153564453
0.03608894348144531
0.039559125900268555
0.044393062591552734
0.04940295219421387
0.022370100021362305
0.0310211181640625
0.05683398246765137
0.039376020431518555
0.0214691162109375
0.05976295471191406
0.026972055435180664
0.038954973220825195
0.03856396675109863
0.04012894630432129
0.03784489631652832
0.04825592041015625
0.029326915740966797
0.014146804809570312
0.0691220760345459
0.030833005905151367
0.026070117950439453
0.03797793388366699
0.06479692459106445
0.04837608337402344
0.03915596008300781
0.052108049392700195
0.05394792556762695
0.041702985763549805
0.05099201202392578
0.04760384559631348
0.039750099182128906
0.02090001106262207
0.02259206771850586
0.04141521453857422
0.0452730655670166
0.024100065231323242
0.05383610725402832
0.05713605880737305
0.04489707946777344
0.0341639518737793
0.035884857177734375
0.02795696258544922
0.03358888626098633
0.046961069107055664
0.03696799278259277
0.04577994346618652
0.014585018157958984
0.054411888122558594
0.028535127639770508
0.0179440975189209
0.04632115364074707
0.053047895431518555
0.031410932540893555
0.05388689041137695
0.05869889259338379
0.051959991455078125
0.04357099533081055
0.05425906181335449
0.055151939392089844
0.02455282211303711
0.03493309020996094
0.03659701347351074
0.05097699165344238
0.05005908012390137
0.012598991394042969
0.05368304252624512
0.03586101531982422
0.050099849700927734
0.060376882553100586
0.030812978744506836
0.046968936920166016
0.040728092193603516
0.021209001541137695
0.04610300064086914
0.02342510223388672
0.04272890090942383
0.038839101791381836
0.0710000991821289
0.029124975204467773
0.03368377685546875
0.06168818473815918
0.05732393264770508
0.05418992042541504
0.05192089080810547
0.06005501747131348
0.04728102684020996
0.028784990310668945
0.044634103775024414
0.03696799278259277
0.05361819267272949
0.04605698585510254
0.02418208122253418
0.04575014114379883
0.05380892753601074
0.046395063400268555
0.05133676528930664
0.06500101089477539
0.033883094787597656
0.05282783508300781
0.043145179748535156
0.05443310737609863
0.0536649227142334
0.01932501792907715
0.04415488243103027
0.04265999794006348
0.028275012969970703
0.0458221435546875
0.04514908790588379
0.0362091064453125
0.02587890625
0.0416109561920166
0.043775081634521484
0.04055500030517578
0.0419769287109375
0.031100034713745117
0.033418893814086914
0.03654813766479492
0.04652285575866699
0.024641990661621094
0.03342008590698242
0.02885913848876953
0.02377915382385254
0.01229405403137207
0.01941204071044922
0.023881912231445312
0.054273128509521484
0.061450958251953125
0.05820202827453613
0.0412449836730957
0.055047035217285156
0.051544189453125
0.05341005325317383
0.028362035751342773
0.049069881439208984
0.02663898468017578
0.0468142032623291
0.029606103897094727
0.028352022171020508
0.026237964630126953
0.05123186111450195
0.06426501274108887
0.05999898910522461
0.04030585289001465
0.01989579200744629
0.044450998306274414
0.06693816184997559
0.04438591003417969
0.03551888465881348
0.0265500545501709
0.04167604446411133
0.05797004699707031
0.05763506889343262
0.017991065979003906
0.05655813217163086
0.034893035888671875
0.033683061599731445
0.03661394119262695
0.037698984146118164
0.013947010040283203
0.05351400375366211
0.04969501495361328
0.03784298896789551
0.02709197998046875
0.04351806640625
0.02622509002685547
0.0541539192199707
0.018903017044067383
0.04601001739501953
0.01618194580078125
0.04452705383300781
0.050271034240722656
0.04588794708251953
0.043212890625
0.06703591346740723
0.009629011154174805
0.05286908149719238
0.03263092041015625
0.030241012573242188
0.032052040100097656
0.03807711601257324
0.02259683609008789
0.04449105262756348
0.0382540225982666
0.013284921646118164
0.05450701713562012
0.06348204612731934
0.01915287971496582
0.05508899688720703
0.011012077331542969
0.015439033508300781
0.03585696220397949
0.029844999313354492
0.024317026138305664
0.05116105079650879
0.04958915710449219
0.053116798400878906
0.023113012313842773
0.04752087593078613
0.0576939582824707
0.054576873779296875
0.03535795211791992
0.024502992630004883
0.04746413230895996
0.023333072662353516
0.03820610046386719
0.020164012908935547
0.02727508544921875
0.03117990493774414
0.04332304000854492
0.037576913833618164
0.028447866439819336
0.046768903732299805
0.01676011085510254
0.010976076126098633
0.03877997398376465
0.03177785873413086
0.03478384017944336
0.0487210750579834
0.02627086639404297
0.04158902168273926
0.04201102256774902
0.04045295715332031
0.04334115982055664
0.04184603691101074
0.049375057220458984
0.02174997329711914
0.04679393768310547
0.04779791831970215
0.024574995040893555
0.03938794136047363
0.06548190116882324
0.05241107940673828
0.02364802360534668
0.03114008903503418
0.038316965103149414
0.013616085052490234
0.046319007873535156
0.027453899383544922
0.03193092346191406
0.014883995056152344
0.047505855560302734
0.012604951858520508
0.02916693687438965
0.07160282135009766
0.030503034591674805
0.07308197021484375
0.03720903396606445
0.06106209754943848
0.041738033294677734
0.05608987808227539
0.03086400032043457
0.05765509605407715
0.030243873596191406
0.03403496742248535
0.05822610855102539
0.040986061096191406
0.06371402740478516
0.021883010864257812
0.03354287147521973
0.03651094436645508
0.02779984474182129
0.035636186599731445
0.030916929244995117
0.050084829330444336
0.045922040939331055
0.01634383201599121
0.05215096473693848
0.039611101150512695
0.06363105773925781
0.028692960739135742
0.019698143005371094
0.027695894241333008
0.06105804443359375
0.03258490562438965
0.021071910858154297
0.019659042358398438
0.01487278938293457
0.012048006057739258
0.05310201644897461
0.028635025024414062
0.027977943420410156
0.014508962631225586
0.02437114715576172
0.037153005599975586
0.04784679412841797
0.03700685501098633
0.050102949142456055
0.04693794250488281
