0.051141977310180664
0.02177906036376953
0.053050994873046875
0.04099893569946289
0.05159878730773926
0.02291703224182129
0.02386307716369629
0.04159402847290039
0.05782794952392578
0.050750017166137695
0.04039311408996582
0.047685861587524414
0.048135995864868164
0.01804804801940918
0.04123282432556152
0.05183601379394531
0.0317690372467041
0.0582888126373291
0.026952028274536133
0.04675006866455078
0.022607088088989258
0.021848201751708984
0.031238079071044922
0.03555798530578613
0.042456865310668945
0.03624892234802246
0.04590106010437012
0.052464962005615234
0.03097081184387207
0.036765098571777344
0.028066158294677734
0.031761884689331055
0.04448986053466797
0.05194687843322754
0.06763291358947754
0.020286083221435547
0.024466991424560547
0.028290987014770508
0.018853187561035156
0.04156994819641113
0.048599958419799805
0.05265617370605469
0.020586013793945312
0.0276491641998291
0.02958202362060547
0.042574167251586914
0.022100210189819336
0.047074079513549805
0.05727696418762207
0.06545686721801758
0.014945030212402344
0.05065298080444336
0.0368349552154541
0.048599958419799805
0.0302889347076416
0.04008293151855469
0.05140399932861328
0.040677785873413086
0.03071904182434082
0.05297398567199707
0.032354116439819336
0.05255007743835449
0.04087018966674805
0.019743919372558594
0.0817101001739502
0.03995013236999512
0.05601215362548828
0.044944047927856445
0.04192495346069336
0.030594825744628906
0.032002925872802734
0.045024871826171875
0.029513120651245117
0.040040016174316406
0.05467700958251953
0.03678607940673828
0.0338587760925293
0.04486489295959473
0.021274089813232422
0.04941296577453613
0.05078697204589844
0.031452178955078125
0.05280804634094238
0.05155515670776367
0.05079007148742676
0.04117703437805176
0.04359006881713867
0.0412290096282959
0.05604910850524902
0.02071404457092285
0.024377107620239258
0.020272016525268555
0.06243705749511719
0.02193903923034668
0.03481698036193848
0.05821394920349121
0.016518115997314453
0.029117822647094727
0.039283037185668945
0.03575778007507324
0.03226900100708008
0.018488168716430664
0.041239023208618164
0.05867886543273926
0.032119035720825195
0.04307198524475098
0.01805591583251953
0.051481008529663086
0.032266855239868164
0.029686927795410156
0.05987906455993652
0.05650901794433594
0.03042888641357422
0.018587112426757812
0.02390599250793457
0.039179086685180664
0.04629993438720703
0.03387284278869629
0.016154050827026367
0.04548287391662598
0.06063985824584961
0.022955894470214844
0.04369187355041504
0.04561805725097656
0.024687767028808594
0.02568984031677246
0.038870811462402344
0.01396799087524414
0.053620100021362305
0.05558609962463379
0.03233599662780762
0.03312206268310547
0.03474307060241699
0.030845165252685547
0.024338960647583008
0.021947860717773438
0.04323601722717285
0.021986961364746094
0.04866790771484375
0.04682111740112305
0.020385026931762695
0.030310869216918945
0.05229902267456055
0.015950918197631836
0.054170846939086914
0.029732942581176758
0.04530978202819824
0.03864288330078125
0.04774785041809082
0.01765894889831543
0.05024313926696777
0.05136895179748535
0.038374900817871094
0.03684496879577637
0.02207207679748535
0.03217601776123047
0.026960134506225586
0.04703402519226074
0.030910968780517578
0.031516075134277344
0.04575681686401367
0.020071029663085938
0.060877084732055664
0.05072808265686035
0.05226588249206543
0.05291414260864258
0.055815935134887695
0.05443906784057617
0.022650957107543945
0.018527984619140625
0.024335145950317383
0.06217002868652344
0.02658390998840332
0.050124168395996094
0.06511998176574707
0.038996219635009766
0.016318798065185547
0.07242703437805176
0.02671504020690918
0.04163193702697754
0.024013042449951172
0.051873207092285156
0.045213937759399414
0.04973793029785156
0.02720499038696289
0.016315937042236328
0.05359506607055664
0.02951192855834961
0.04691791534423828
0.043498992919921875
0.05459403991699219
0.04007291793823242
0.03478598594665527
0.05683302879333496
0.03058600425720215
0.05315089225769043
0.03519392013549805
0.05907297134399414
0.05204582214355469
0.058465003967285156
0.043527841567993164
0.020697832107543945
0.02834606170654297
0.0393979549407959
0.02764296531677246
0.03496098518371582
0.045838117599487305
0.03207993507385254
0.05452704429626465
0.038697004318237305
0.03394198417663574
0.04684090614318848
0.024545907974243164
0.04141402244567871
0.04789900779724121
0.044809818267822266
0.04147791862487793
0.02993607521057129
0.03889799118041992
0.03264307975769043
0.03473496437072754
0.06961607933044434
0.051219940185546875
0.04467201232910156
0.03259897232055664
0.03567194938659668
0.014267921447753906
0.04175591468811035
0.04573392868041992
0.01067495346069336
0.0393221378326416
0.018341064453125
0.042510986328125
0.03517508506774902
0.036698102951049805
0.02444911003112793
0.03551506996154785
0.04850196838378906
0.011079072952270508
0.03990578651428223
0.037344932556152344
0.05102419853210449
0.027866840362548828
0.03867292404174805
0.03832221031188965
0.024502992630004883
0.06306910514831543
0.030659914016723633
0.049755096435546875
0.027841806411743164
0.03800010681152344
0.05443215370178223
0.03068685531616211
0.0394749641418457
0.010493040084838867
0.047392845153808594
0.055951833724975586
0.020298004150390625
0.0664980411529541
0.04528093338012695
0.05222487449645996
0.013782024383544922
0.037988901138305664
0.030811071395874023
0.05794715881347656
0.0415499210357666
0.030729055404663086
0.04777097702026367
0.059008121490478516
0.030705928802490234
0.05224299430847168
0.03996610641479492
0.028396129608154297
0.03875112533569336
0.015136957168579102
0.07327008247375488
0.027721166610717773
0.02695298194885254
0.0476679801940918
0.030306100845336914
0.047091007232666016
0.04971194267272949
0.05227398872375488
0.019978046417236328
0.024010896682739258
0.03090691566467285
0.04324483871459961
0.02572798728942871
0.02855706214904785
0.04589700698852539
0.03324294090270996
0.04018998146057129
0.06575512886047363
0.028680801391601562
0.03001999855041504
0.04453587532043457
0.04145193099975586
0.04580497741699219
0.038149118423461914
0.04549288749694824
0.052256107330322266
0.03131389617919922
0.04509711265563965
0.01663804054260254
0.048796892166137695
0.04522514343261719
0.03765988349914551
0.022695064544677734
0.028783082962036133
0.030879974365234375
0.03463602066040039
0.027682065963745117
0.01592397689819336
0.06906914710998535
0.031469106674194336
0.03502297401428223
0.02715611457824707
0.024586200714111328
0.03405594825744629
0.05165886878967285
0.05365109443664551
0.04855203628540039
0.04175710678100586
0.03155803680419922
0.05182194709777832
0.05161905288696289
0.04921293258666992
0.014847993850708008
0.02052617073059082
0.03262686729431152
0.04232215881347656
0.015591859817504883
0.057084083557128906
0.03513789176940918
0.06097102165222168
0.01813793182373047
0.05293893814086914
0.027143001556396484
0.050601959228515625
0.014761924743652344
0.044519901275634766
0.06375598907470703
0.03192496299743652
0.02440500259399414
0.0167999267578125
0.018090009689331055
0.061930179595947266
0.05124711990356445
0.03248095512390137
0.03482818603515625
0.03807497024536133
0.03779101371765137
0.03064584732055664
0.04231691360473633
0.05459094047546387
0.042424917221069336
0.019833087921142578
0.03573107719421387
0.010226964950561523
0.0433351993560791
0.03356599807739258
0.030794858932495117
0.021719932556152344
0.026706933975219727
0.04651904106140137
0.02248096466064453
0.01911783218383789
0.032510995864868164
0.042875051498413086
0.0400540828704834
0.04719185829162598
0.03162503242492676
0.05941605567932129
0.03760886192321777
0.05507397651672363
0.022773027420043945
0.02956700325012207
0.02952885627746582
0.024246931076049805
0.01602315902709961
0.05337786674499512
0.03447699546813965
0.041361093521118164
0.044764041900634766
0.05691409111022949
0.05289912223815918
0.014978170394897461
0.02637314796447754
0.0279691219329834
0.04251980781555176
0.03707695007324219
0.024442195892333984
0.03807687759399414
0.0406339168548584
0.013204097747802734
0.04564404487609863
0.046733856201171875
0.02453303337097168
0.028221845626831055
0.043152809143066406
0.04408597946166992
0.04430699348449707
0.05304121971130371
0.021826982498168945
0.05516409873962402
0.03934812545776367
0.053318023681640625
0.014796018600463867
0.05610489845275879
0.03545713424682617
0.020168066024780273
0.027785062789916992
0.05733895301818848
0.034776926040649414
0.04719185829162598
0.053053855895996094
0.031163930892944336
0.0242159366607666
0.027482986450195312
0.03421807289123535
0.017400026321411133
0.033376216888427734
0.04346013069152832
0.05027294158935547
0.024753093719482422
0.012663841247558594
0.059738874435424805
0.024238109588623047
0.0498049259185791
0.0364079475402832
0.02862381935119629
0.037281036376953125
0.02050495147705078
0.015964031219482422
0.05496692657470703
0.056051015853881836
0.03941488265991211
0.022572994232177734
0.05456805229187012
0.03214406967163086
0.026378154754638672
0.04318094253540039
0.06374406814575195
0.028581857681274414
0.04716992378234863
0.01615595817565918
0.03466296195983887
0.05222797393798828
0.016138076782226562
0.049836158752441406
0.03367304801940918
0.03723311424255371
0.023363828659057617
0.036808013916015625
0.04739999771118164
0.04869389533996582
0.022216796875
0.04909491539001465
0.029999971389770508
0.021841049194335938
0.060211896896362305
0.05429196357727051
0.06363606452941895
0.04725813865661621
0.06546711921691895
0.04580283164978027
0.029572010040283203
0.05104684829711914
0.04460000991821289
0.03969001770019531
0.012596845626831055
0.03123307228088379
0.034399986267089844
0.034548044204711914
0.04426383972167969
0.014222145080566406
0.02769017219543457
0.025452852249145508
0.028419017791748047
0.022948026657104492
0.04458904266357422
0.053987979888916016
0.02337813377380371
0.05581402778625488
0.034243106842041016
0.04965496063232422
0.021942853927612305
0.019407987594604492
0.03663897514343262
0.03907513618469238
0.04573392868041992
0.0291597843170166
0.020143985748291016
0.026036977767944336
0.015902996063232422
0.014803886413574219
0.0157468318939209
0.04702591896057129
0.04386711120605469
0.0621337890625
0.020982027053833008
0.007277011871337891
0.057760000228881836
0.04963397979736328
0.05327796936035156
0.03485703468322754
0.03821897506713867
0.05909585952758789
0.04029107093811035
0.028003931045532227
0.04244089126586914
0.033271074295043945
0.015980958938598633
0.01449894905090332
0.03372502326965332
0.03132510185241699
0.03697991371154785
0.02821803092956543
0.04593181610107422
0.048297882080078125
0.05348801612854004
0.03944087028503418
0.02838301658630371
0.03367209434509277
0.036691904067993164
0.01385188102722168
0.04410696029663086
0.04393410682678223
0.05115199089050293
0.06087493896484375
0.048786163330078125
0.05158185958862305
0.03970694541931152
0.05151200294494629
0.02200794219970703
0.022078990936279297
0.0428009033203125
0.015638113021850586
0.02228713035583496
0.01777815818786621
0.01833796501159668
0.046875953674316406
0.013535022735595703
0.02595806121826172
0.014615058898925781
0.04599189758300781
0.055383920669555664
0.03642606735229492
0.05604815483093262
0.0510098934173584
0.010540008544921875
0.0444951057434082
0.03829598426818848
0.03786110877990723
0.019459009170532227
0.013168096542358398
0.057301998138427734
0.059700965881347656
0.026865005493164062
0.029406070709228516
0.05653810501098633
0.01153707504272461
0.043951988220214844
0.03248000144958496
0.04041099548339844
0.04330706596374512
0.05685782432556152
0.04341697692871094
0.03602910041809082
0.03084707260131836
0.05100202560424805
0.044465065002441406
0.0517880916595459
0.03218984603881836
0.05006980895996094
0.05696296691894531
0.034307003021240234
0.021368980407714844
0.014330148696899414
0.043749094009399414
0.0279998779296875
0.030557870864868164
0.01861405372619629
0.03221297264099121
0.029362916946411133
0.05962181091308594
0.016922950744628906
0.05343914031982422
0.06781721115112305
0.06333684921264648
0.04571390151977539
0.031579017639160156
0.03678607940673828
0.028651952743530273
0.035086870193481445
0.04377603530883789
0.031599998474121094
0.01617598533630371
0.012540102005004883
0.02064204216003418
