0.05484509468078613
0.039288997650146484
0.016473054885864258
0.038229942321777344
0.03531980514526367
0.045291900634765625
0.02784109115600586
0.03616690635681152
0.04198408126831055
0.045248985290527344
0.04384803771972656
0.03135991096496582
0.037142038345336914
0.0659170150756836
0.03109908103942871
0.04899907112121582
0.029706954956054688
0.06892013549804688
0.03061223030090332
0.03339099884033203
0.04923582077026367
0.05335807800292969
0.030476093292236328
0.05989694595336914
0.054882049560546875
0.03868699073791504
0.04216504096984863
0.041290998458862305
0.051374197006225586
0.020709991455078125
0.029946088790893555
0.043639183044433594
0.04794907569885254
0.012480020523071289
0.0354161262512207
0.05007314682006836
0.03882598876953125
0.04078197479248047
0.03803300857543945
0.049726009368896484
0.05226421356201172
0.03195810317993164
0.027410030364990234
0.0493769645690918
0.018365859985351562
0.040374040603637695
0.030924081802368164
0.03987908363342285
0.04808306694030762
0.03674507141113281
0.015809059143066406
0.020859956741333008
0.061096906661987305
0.028937101364135742
0.04688310623168945
0.04763197898864746
0.02851700782775879
0.0609891414642334
0.03168511390686035
0.06154799461364746
0.7148778438568115
0.05727815628051758
0.04169607162475586
0.045210838317871094
0.03715991973876953
0.0377650260925293
0.0295867919921875
0.03411388397216797
0.034857988357543945
0.055290937423706055
0.025725126266479492
0.0385289192199707
0.0237119197845459
0.018581867218017578
0.033972978591918945
0.05447888374328613
0.024769067764282227
0.014115095138549805
0.05390787124633789
0.049041032791137695
0.04176807403564453
0.027750015258789062
0.03398895263671875
0.049349069595336914
0.03719806671142578
0.04171299934387207
0.05028986930847168
0.042092084884643555
0.015836000442504883
0.037200927734375
0.019968032836914062
0.04009509086608887
0.04948687553405762
0.021853923797607422
0.04941987991333008
0.021851062774658203
0.024168014526367188
0.04549217224121094
0.040158987045288086
0.03022003173828125
0.0656440258026123
0.014528036117553711
0.046118974685668945
0.024595022201538086
0.049629926681518555
0.04513382911682129
0.04197883605957031
0.03713512420654297
0.05072498321533203
0.026797056198120117
0.028258085250854492
0.04094409942626953
0.01748204231262207
0.03793787956237793
0.022738933563232422
0.018573999404907227
0.03453207015991211
0.03349900245666504
0.0401759147644043
0.04677700996398926
0.041255950927734375
0.01803302764892578
0.025098085403442383
0.05092883110046387
0.056654930114746094
0.04239702224731445
0.03025197982788086
0.04168510437011719
0.0076160430908203125
0.0554962158203125
0.06624078750610352
0.06311893463134766
0.031355857849121094
0.020287036895751953
0.03276395797729492
0.057240962982177734
0.033525943756103516
0.050727128982543945
0.03924298286437988
0.05806684494018555
0.02037811279296875
0.023452043533325195
0.00843501091003418
0.029500961303710938
0.027608871459960938
0.028451919555664062
0.04868483543395996
0.026057004928588867
0.05612897872924805
0.057279109954833984
0.013852119445800781
0.015696048736572266
0.030447006225585938
0.04040789604187012
0.06398892402648926
0.033598899841308594
0.053050994873046875
0.03304791450500488
0.03358006477355957
0.04793882369995117
0.044245004653930664
0.04170393943786621
0.02390289306640625
0.05473208427429199
0.0447230339050293
0.033709049224853516
0.041651010513305664
0.030861854553222656
0.05850505828857422
0.0397951602935791
0.038426876068115234
0.02183699607849121
0.025304794311523438
0.04554605484008789
0.03493809700012207
0.031037092208862305
0.02985692024230957
0.03505301475524902
0.055665016174316406
0.04358100891113281
0.03417396545410156
0.04731893539428711
0.014644145965576172
0.04432988166809082
0.021752119064331055
0.0329740047454834
0.04788804054260254
0.026222944259643555
0.029610872268676758
0.01864790916442871
0.032624006271362305
0.053726911544799805
0.044152021408081055
0.049188852310180664
0.01924896240234375
0.061189889907836914
0.018012046813964844
0.03773689270019531
0.040487051010131836
0.05784916877746582
0.040231943130493164
0.014455080032348633
0.04540300369262695
0.030766963958740234
0.020254135131835938
0.021634817123413086
0.053472042083740234
0.03789710998535156
0.016371965408325195
0.027516841888427734
0.041742801666259766
0.048532962799072266
0.03596091270446777
0.016108989715576172
0.012023210525512695
0.027386903762817383
0.03314685821533203
0.02459406852722168
0.05631208419799805
0.034844160079956055
0.055127859115600586
0.03982901573181152
0.03247809410095215
0.029335975646972656
0.03790116310119629
0.014638900756835938
0.05340695381164551
0.05550098419189453
0.05606698989868164
0.043831825256347656
0.05546879768371582
0.053385019302368164
0.024645090103149414
0.0528569221496582
0.055921077728271484
0.052703142166137695
0.04846787452697754
0.060014963150024414
0.04062795639038086
0.013720989227294922
0.048142194747924805
0.04465007781982422
0.05010700225830078
0.05225205421447754
0.0534820556640625
0.028088092803955078
0.03717207908630371
0.05653691291809082
0.04868197441101074
0.06827592849731445
0.05147910118103027
0.020421981811523438
0.05316901206970215
0.03726005554199219
0.049855947494506836
0.042611122131347656
0.040740013122558594
0.01930999755859375
0.05078887939453125
0.042838096618652344
0.0581669807434082
0.033843994140625
0.034538984298706055
0.05417203903198242
0.05050396919250488
0.029651880264282227
0.05757713317871094
0.046679019927978516
0.022249221801757812
0.023616790771484375
0.019123077392578125
0.02679896354675293
0.055706024169921875
0.018682003021240234
0.017136096954345703
0.03446698188781738
0.03242015838623047
0.05168509483337402
0.04912304878234863
0.025289058685302734
0.05569195747375488
0.022361040115356445
0.03563809394836426
0.05271100997924805
0.03196907043457031
0.042534828186035156
0.05306887626647949
0.0226290225982666
0.05511903762817383
0.0514218807220459
0.02145099639892578
0.04131793975830078
0.022968053817749023
0.041509151458740234
0.02547001838684082
0.041747093200683594
0.03814697265625
0.04574108123779297
0.05880117416381836
0.03420090675354004
0.051737070083618164
0.03352785110473633
0.05287289619445801
0.05360698699951172
0.025192975997924805
0.06576704978942871
0.044738054275512695
0.0647130012512207
0.043730974197387695
0.010067939758300781
0.038062095642089844
0.05310392379760742
0.04833388328552246
0.04491901397705078
0.02779388427734375
0.0686640739440918
0.05655097961425781
0.041532039642333984
0.04035377502441406
0.0516819953918457
0.014927864074707031
0.05246686935424805
0.03908681869506836
0.03650403022766113
0.04205489158630371
0.041281938552856445
0.019989013671875
0.049178123474121094
0.03853201866149902
0.0531458854675293
0.023795127868652344
0.05048108100891113
0.033943891525268555
0.015882015228271484
0.042684078216552734
0.044853925704956055
0.05057406425476074
0.054656982421875
0.05452299118041992
0.05803513526916504
0.057023048400878906
0.04008316993713379
0.044229984283447266
0.0770728588104248
0.03274106979370117
0.02292490005493164
0.034538984298706055
0.02766895294189453
0.02331399917602539
0.03589606285095215
0.026523113250732422
0.047654151916503906
0.03256487846374512
0.04517698287963867
0.057348012924194336
0.016607999801635742
0.010540008544921875
0.0530550479888916
0.045491933822631836
0.018959999084472656
0.03799295425415039
0.04911994934082031
0.06711602210998535
0.015995025634765625
0.04097604751586914
0.022313833236694336
0.0490419864654541
0.01659417152404785
0.027797937393188477
0.04680299758911133
0.024688005447387695
0.01442408561706543
0.0470430850982666
0.03761482238769531
0.026682138442993164
0.016683101654052734
0.03787088394165039
0.06504583358764648
0.025223970413208008
0.057569026947021484
0.04929399490356445
0.03291916847229004
0.02820587158203125
0.05734086036682129
0.04735994338989258
0.019264936447143555
0.05162215232849121
0.04955887794494629
0.025776147842407227
0.024380922317504883
0.022149085998535156
0.026649951934814453
0.04802513122558594
0.03843998908996582
0.05447793006896973
0.010313987731933594
0.05368304252624512
0.022552967071533203
0.045699119567871094
0.05302691459655762
0.05079388618469238
0.05117607116699219
0.027699947357177734
0.050427913665771484
0.04443812370300293
0.05612802505493164
0.027902841567993164
0.030714035034179688
0.03853178024291992
0.04945802688598633
0.027244091033935547
0.0457911491394043
0.030582904815673828
0.059311866760253906
0.04971122741699219
0.021747827529907227
0.022613048553466797
0.06282806396484375
0.010009050369262695
0.04880189895629883
0.04665493965148926
0.022871017456054688
0.030534029006958008
0.054017066955566406
0.01185297966003418
0.024299144744873047
0.04784798622131348
0.05504107475280762
0.05125999450683594
0.036544084548950195
0.02824711799621582
0.02977895736694336
0.028673887252807617
0.05527901649475098
0.03362607955932617
0.039788007736206055
0.04081416130065918
0.018471956253051758
0.0356900691986084
0.0334169864654541
0.031504154205322266
0.055419921875
0.04579806327819824
0.040345191955566406
0.04493093490600586
0.05939316749572754
0.018545150756835938
0.0383000373840332
0.02771306037902832
0.04146909713745117
0.0447390079498291
0.024101972579956055
0.05021405220031738
0.05416679382324219
0.04856586456298828
0.06500411033630371
0.027008056640625
0.049661874771118164
0.05485796928405762
0.027248859405517578
0.06523799896240234
0.032766103744506836
0.07295107841491699
0.0224759578704834
0.029783010482788086
0.04000210762023926
0.02579498291015625
0.013859033584594727
0.028879165649414062
0.030466079711914062
0.03485393524169922
0.028041839599609375
0.03362607955932617
0.01921391487121582
0.024137020111083984
0.061933040618896484
0.03971505165100098
0.048551082611083984
0.03270101547241211
0.05415797233581543
0.057991981506347656
0.02067089080810547
0.05266118049621582
0.014817953109741211
0.04822802543640137
0.05465102195739746
0.029760122299194336
0.04445791244506836
0.016038179397583008
0.05728888511657715
0.04182600975036621
0.03156280517578125
0.02818584442138672
0.044836997985839844
0.030682086944580078
0.040444135665893555
0.024066925048828125
0.032705068588256836
0.05900907516479492
0.029649972915649414
0.04131007194519043
0.020596027374267578
0.019979000091552734
0.028009891510009766
0.04221701622009277
0.04077005386352539
0.041855812072753906
0.0694270133972168
0.04379081726074219
0.01851797103881836
0.04383206367492676
0.02073979377746582
0.011703014373779297
0.0471339225769043
0.03809404373168945
0.01458120346069336
0.06406283378601074
0.0631399154663086
0.0065729618072509766
0.03438115119934082
0.03104710578918457
0.04363894462585449
0.012087106704711914
0.0551609992980957
0.04360485076904297
0.04338192939758301
0.03249311447143555
0.015011072158813477
0.03074789047241211
0.02253413200378418
0.05480504035949707
0.024346113204956055
0.034728050231933594
0.02956414222717285
0.026107072830200195
0.018280982971191406
0.04163622856140137
0.05152392387390137
0.023905038833618164
0.04725313186645508
0.04737591743469238
0.02576613426208496
0.0357818603515625
0.04897904396057129
0.05536603927612305
0.035566091537475586
0.0495150089263916
0.03853797912597656
0.04478597640991211
0.024209976196289062
0.03487706184387207
0.06452679634094238
0.03195905685424805
0.04944896697998047
0.036518096923828125
0.013241052627563477
0.05719900131225586
0.018468856811523438
0.011193037033081055
0.05049896240234375
0.015192985534667969
0.0471949577331543
0.06013202667236328
0.033059120178222656
0.061303138732910156
0.011554956436157227
0.02835392951965332
0.08119392395019531
0.014135122299194336
0.04800605773925781
0.056838035583496094
0.044843196868896484
0.04853200912475586
0.03460693359375
0.055724143981933594
0.04885697364807129
0.03215789794921875
0.0696258544921875
0.024604082107543945
0.048074960708618164
0.04213094711303711
0.04369401931762695
0.04498004913330078
0.04369401931762695
0.03646993637084961
0.04616999626159668
0.02978515625
0.0296938419342041
0.0480649471282959
0.055169105529785156
0.03449106216430664
0.039797067642211914
0.06616091728210449
0.05279707908630371
0.06154608726501465
0.051190853118896484
0.04050707817077637
0.032919883728027344
0.056025028228759766
0.04982614517211914
