0.04763984680175781
0.05748295783996582
0.025434017181396484
0.029309988021850586
0.05290102958679199
0.033674001693725586
0.04824090003967285
0.023275136947631836
0.027930021286010742
0.024853229522705078
0.04126596450805664
0.02269911766052246
0.05063199996948242
0.022455930709838867
0.04817986488342285
0.04703116416931152
0.03773999214172363
0.040727853775024414
0.058371782302856445
0.020534992218017578
0.03866291046142578
0.037751197814941406
0.04298806190490723
0.019446849822998047
0.05376315116882324
0.015455961227416992
0.04329395294189453
0.036251068115234375
0.03132510185241699
0.03993415832519531
0.04120802879333496
0.02199411392211914
0.051088809967041016
0.05430006980895996
0.042742013931274414
0.023504018783569336
0.040911197662353516
0.0379488468170166
0.06200003623962402
0.04138016700744629
0.04013800621032715
0.03453397750854492
0.05291604995727539
0.04312896728515625
0.05309891700744629
0.024035930633544922
0.00970005989074707
0.03393697738647461
0.026103973388671875
0.020630836486816406
0.022814035415649414
0.025862932205200195
0.0228879451751709
0.05969810485839844
0.06875300407409668
0.03241395950317383
0.03308582305908203
0.04581093788146973
0.052423954010009766
0.054609060287475586
0.05370283126831055
0.04889202117919922
0.0505061149597168
0.030098915100097656
0.042031049728393555
0.02387094497680664
0.026088953018188477
0.03454303741455078
0.016499996185302734
0.01579594612121582
0.0343928337097168
0.06087493896484375
0.0460209846496582
0.013223886489868164
0.024892091751098633
0.05303692817687988
0.015008926391601562
0.0405430793762207
0.04044008255004883
0.016170024871826172
0.025834083557128906
0.02422785758972168
0.024667978286743164
0.035318851470947266
0.05783390998840332
0.04599285125732422
0.04350018501281738
0.022031068801879883
0.04354095458984375
0.027118921279907227
0.042819976806640625
0.05026698112487793
0.06375479698181152
0.050460100173950195
0.06438207626342773
0.04566001892089844
0.02990102767944336
0.021975040435791016
0.02381110191345215
0.036454200744628906
0.05589914321899414
0.03824901580810547
0.04960203170776367
0.05753779411315918
0.06338810920715332
0.04175710678100586
0.038728952407836914
0.035182952880859375
0.04923605918884277
0.007673025131225586
0.0530390739440918
0.0301969051361084
0.04057502746582031
0.053987979888916016
0.042207956314086914
0.01758599281311035
0.05638885498046875
0.04429292678833008
0.029706954956054688
0.03941488265991211
0.0654299259185791
0.027153968811035156
0.06825399398803711
0.05312299728393555
0.04395699501037598
0.045233964920043945
0.05734705924987793
0.029095888137817383
0.042025089263916016
0.04190778732299805
0.03125
0.0469820499420166
0.024293899536132812
0.030344009399414062
0.03322196006774902
0.04994511604309082
0.021525859832763672
0.04827880859375
0.04133009910583496
0.040071964263916016
0.052731990814208984
0.031661033630371094
0.053894996643066406
0.04717588424682617
0.047161102294921875
0.04439997673034668
0.028966188430786133
0.052430152893066406
0.040747880935668945
0.04553413391113281
0.037976980209350586
0.03607606887817383
0.031180858612060547
0.02002406120300293
0.059905052185058594
0.01956009864807129
0.020354032516479492
0.042404890060424805
0.04918313026428223
0.04143691062927246
0.05700397491455078
0.03484296798706055
0.040621042251586914
0.04674792289733887
0.029587984085083008
0.02216482162475586
0.0636301040649414
0.022251129150390625
0.049844980239868164
0.05958986282348633
0.03758096694946289
0.053646087646484375
0.03985285758972168
0.05073118209838867
0.03189206123352051
0.04978799819946289
0.0489959716796875
0.06541895866394043
0.02838611602783203
0.05727887153625488
0.024097204208374023
0.03632998466491699
0.027782917022705078
0.02694988250732422
0.033859968185424805
0.049516916275024414
0.028423070907592773
0.03616189956665039
0.055029869079589844
0.041198015213012695
0.032350778579711914
0.05080699920654297
0.006134986877441406
0.03232312202453613
0.02415609359741211
0.053546905517578125
0.022251129150390625
0.051484107971191406
0.04683804512023926
0.022441864013671875
0.040574073791503906
0.04157900810241699
0.031495094299316406
0.05458402633666992
0.02472710609436035
0.0504460334777832
0.009882926940917969
0.02257704734802246
0.015088081359863281
0.04945111274719238
0.04896903038024902
0.04643702507019043
0.04679393768310547
0.03530311584472656
0.04153704643249512
0.024327993392944336
0.06769299507141113
0.061083078384399414
0.024144887924194336
0.037492990493774414
0.0513920783996582
0.039721012115478516
0.0262758731842041
0.010113954544067383
0.03675198554992676
0.022850990295410156
0.033560991287231445
0.043929100036621094
0.030288219451904297
0.024997949600219727
0.01827096939086914
0.0443270206451416
0.03840184211730957
0.052172183990478516
0.024463176727294922
0.02710700035095215
0.02450108528137207
0.010406017303466797
0.06988191604614258
0.03492093086242676
0.03897690773010254
0.014773845672607422
0.030704021453857422
0.03611111640930176
0.01789093017578125
0.030160903930664062
0.05727887153625488
0.03969001770019531
0.03323078155517578
0.03319716453552246
0.02285289764404297
0.02634406089782715
0.014145851135253906
0.014236211776733398
0.03685307502746582
0.04882192611694336
0.047614097595214844
0.029697179794311523
0.05152702331542969
0.0386500358581543
0.019793033599853516
0.025397062301635742
0.03803110122680664
0.039643049240112305
0.044168949127197266
0.020107030868530273
0.05291891098022461
0.018131017684936523
0.03663802146911621
0.012135982513427734
0.04012489318847656
0.05409097671508789
0.023608922958374023
0.04119610786437988
0.01559305191040039
0.017058134078979492
0.01614999771118164
0.03471684455871582
0.0382080078125
0.033991098403930664
0.029671907424926758
0.05026698112487793
0.03945183753967285
0.049590110778808594
0.014734983444213867
0.02264690399169922
0.04626011848449707
0.011399030685424805
0.057341814041137695
0.030081987380981445
0.015012025833129883
0.03594207763671875
0.036843061447143555
0.015406131744384766
0.05166912078857422
0.06001400947570801
0.04207301139831543
0.055824995040893555
0.03136301040649414
0.044332027435302734
0.028629064559936523
0.041673898696899414
0.03462100028991699
0.0271759033203125
0.031733036041259766
0.0527338981628418
0.010103940963745117
0.07730889320373535
0.03753185272216797
0.03317689895629883
0.031540870666503906
0.031080961227416992
0.022593021392822266
0.029574155807495117
0.022420883178710938
0.015605926513671875
0.013327836990356445
0.008622884750366211
0.058342933654785156
0.038362979888916016
0.05429792404174805
0.0324559211730957
0.051904916763305664
0.04853105545043945
0.019685029983520508
0.03996396064758301
0.04058480262756348
0.038101911544799805
0.01392817497253418
0.014126062393188477
0.03789114952087402
0.04772186279296875
0.0491030216217041
0.04179787635803223
0.04614710807800293
0.01768779754638672
0.052806854248046875
0.0388338565826416
0.026639938354492188
0.033477067947387695
0.04029989242553711
0.02270197868347168
0.04737496376037598
0.0312650203704834
0.017856121063232422
0.012722969055175781
0.02683401107788086
0.04076504707336426
0.027557849884033203
0.036457061767578125
0.06722092628479004
0.01804494857788086
0.04516887664794922
0.02731013298034668
0.03101181983947754
0.012591838836669922
0.020658016204833984
0.02827906608581543
0.0383908748626709
0.04038286209106445
0.05103898048400879
0.0467679500579834
0.05268406867980957
0.03412890434265137
0.01667499542236328
0.008440971374511719
0.06974911689758301
0.032263994216918945
0.0420379638671875
0.02407217025756836
0.027052879333496094
0.03240609169006348
0.02165508270263672
0.036900997161865234
0.018060922622680664
0.04399299621582031
0.0491938591003418
0.048493146896362305
0.030276060104370117
0.03600287437438965
0.05074596405029297
0.021078824996948242
0.05456089973449707
0.02432394027709961
0.03722214698791504
0.04274892807006836
0.06152486801147461
0.044815778732299805
0.05718207359313965
0.04013800621032715
0.03990793228149414
0.016682863235473633
0.04122209548950195
0.03063821792602539
0.023319005966186523
0.041541099548339844
0.029976844787597656
0.06589198112487793
0.021496057510375977
0.055520057678222656
0.03258085250854492
0.044944047927856445
0.060726165771484375
0.04961109161376953
0.049546003341674805
0.02600407600402832
0.03575491905212402
0.015570878982543945
0.03011798858642578
0.017501115798950195
0.027714014053344727
0.029567956924438477
0.033693790435791016
0.03041219711303711
0.029772043228149414
0.025902986526489258
0.0341949462890625
0.023891925811767578
0.04255199432373047
0.016415119171142578
0.028326988220214844
0.059641122817993164
0.05356097221374512
0.04982590675354004
0.0346071720123291
0.03132820129394531
0.054702043533325195
0.05361199378967285
0.03740406036376953
0.04449915885925293
0.011677026748657227
0.07323098182678223
0.019463062286376953
0.04690098762512207
0.028088808059692383
0.02742600440979004
0.022768020629882812
0.04111313819885254
0.036299943923950195
0.05073285102844238
0.0379641056060791
0.04043984413146973
0.05562186241149902
0.05079793930053711
0.011330127716064453
0.056143999099731445
0.03418087959289551
0.02765202522277832
0.03798317909240723
0.044281959533691406
0.02027416229248047
0.04230785369873047
0.028558015823364258
0.05175590515136719
0.04089498519897461
0.05275607109069824
0.05438399314880371
0.03271293640136719
0.02061009407043457
0.027688980102539062
0.015501976013183594
0.01470494270324707
0.051722049713134766
0.04960489273071289
0.031919002532958984
0.04165196418762207
0.022088050842285156
0.030729055404663086
0.016525983810424805
0.027888059616088867
0.045187950134277344
0.02419590950012207
0.058088064193725586
0.026202917098999023
0.06185293197631836
0.050498008728027344
0.025588035583496094
0.06185197830200195
0.0358428955078125
0.032060861587524414
0.012871980667114258
0.030343055725097656
0.030200958251953125
0.037564992904663086
0.03373599052429199
0.03505396842956543
0.05163002014160156
0.049134016036987305
0.05087399482727051
0.013025999069213867
0.05150485038757324
0.029478073120117188
0.054594993591308594
0.0319979190826416
0.04797792434692383
0.04320502281188965
0.06489896774291992
0.012506961822509766
0.04369807243347168
0.050141096115112305
0.02730703353881836
0.05112791061401367
0.041795969009399414
0.027427196502685547
0.03767800331115723
0.047844886779785156
0.06561899185180664
0.0530850887298584
0.03862404823303223
0.06516408920288086
0.04152798652648926
0.03536415100097656
0.03477597236633301
0.02131199836730957
0.03673696517944336
0.04493117332458496
0.031632184982299805
0.05943608283996582
0.05437588691711426
0.05472302436828613
0.009325027465820312
0.02009105682373047
0.05767202377319336
0.01797795295715332
0.029162168502807617
0.05455899238586426
0.02929401397705078
0.028771162033081055
0.0191957950592041
0.04621386528015137
0.01963210105895996
0.021841049194335938
0.018563032150268555
0.06842207908630371
0.023727893829345703
0.03457784652709961
0.024647951126098633
0.04739999771118164
0.030742883682250977
0.02653193473815918
0.02007603645324707
0.024580955505371094
0.04716300964355469
0.048165082931518555
0.058587074279785156
0.020190000534057617
0.03514909744262695
0.03444504737854004
0.041181087493896484
0.05274081230163574
0.040711164474487305
0.0526578426361084
0.05591106414794922
0.05236506462097168
0.05165696144104004
0.03574395179748535
0.022117137908935547
0.03706717491149902
0.04669809341430664
0.0393519401550293
0.048970937728881836
0.03179001808166504
0.037117958068847656
0.01612377166748047
0.03225588798522949
0.04157209396362305
0.014132022857666016
0.029758930206298828
0.05495595932006836
0.052381038665771484
0.016158103942871094
0.03945207595825195
0.04359602928161621
0.030618906021118164
0.03248000144958496
0.03620409965515137
0.04605412483215332
0.04640007019042969
0.029504060745239258
0.040291786193847656
0.051197052001953125
0.04445910453796387
0.06387186050415039
0.052114009857177734
0.013058900833129883
0.03524279594421387
0.03470301628112793
0.057650089263916016
0.040886878967285156
0.028794050216674805
0.04053020477294922
0.04937410354614258
0.040657997131347656
0.05280184745788574
0.0255889892578125
0.032568931579589844
0.04299497604370117
0.02362799644470215
0.046015024185180664
0.01569390296936035
