0.0583498477935791
0.03131389617919922
0.04480695724487305
0.04601597785949707
0.02987504005432129
0.04712104797363281
0.06710195541381836
0.036520957946777344
0.04213404655456543
0.05789303779602051
0.05017209053039551
0.037660837173461914
0.015986919403076172
0.045408010482788086
0.023479938507080078
0.03923392295837402
0.05077815055847168
0.014847993850708008
0.05309319496154785
0.038047075271606445
0.04888486862182617
0.048326969146728516
0.050801992416381836
0.04291510581970215
0.054023027420043945
0.04734015464782715
0.03148984909057617
0.031796932220458984
0.03504204750061035
0.010628938674926758
0.01673293113708496
0.028538942337036133
0.04531288146972656
0.01809406280517578
0.07356500625610352
0.03695416450500488
0.04205608367919922
0.023926973342895508
0.01648879051208496
0.02394390106201172
0.047161102294921875
0.05774998664855957
0.0062520503997802734
0.03072500228881836
0.04066300392150879
0.03998398780822754
0.027041912078857422
0.03924298286437988
0.0446019172668457
0.020720958709716797
0.019549131393432617
0.03499889373779297
0.05153203010559082
0.014221906661987305
0.022352218627929688
0.013842105865478516
0.036581993103027344
0.0230560302734375
0.04167294502258301
0.029767990112304688
0.05563712120056152
0.0615229606628418
0.03541994094848633
0.03753781318664551
0.05001091957092285
0.04100680351257324
0.018969058990478516
0.030290842056274414
0.01949787139892578
0.0319669246673584
0.05283808708190918
0.03284001350402832
0.021438121795654297
0.05814099311828613
0.06528306007385254
0.04369187355041504
0.0503230094909668
0.01825714111328125
0.04788398742675781
0.027697086334228516
0.04598093032836914
0.04586982727050781
0.05413007736206055
0.018617868423461914
0.03046894073486328
0.023354053497314453
0.02960801124572754
0.06898903846740723
0.022284984588623047
0.013401031494140625
0.06049799919128418
0.04785895347595215
0.04889202117919922
0.048306941986083984
0.04881000518798828
0.0463109016418457
0.014818191528320312
0.048362016677856445
0.04596900939941406
0.05096602439880371
0.03710007667541504
0.05302691459655762
0.011197805404663086
0.023257017135620117
0.033351898193359375
0.05723404884338379
0.06589198112487793
0.024096965789794922
0.05440497398376465
0.035118818283081055
0.04163813591003418
0.030588150024414062
0.04265999794006348
0.028683900833129883
0.034126996994018555
0.054049015045166016
0.027129173278808594
0.06519603729248047
0.05169510841369629
0.027296066284179688
0.02395009994506836
0.04003405570983887
0.04779195785522461
0.033270835876464844
0.03662300109863281
0.03257012367248535
0.023766040802001953
0.05251717567443848
0.01420903205871582
0.06781697273254395
0.043524980545043945
0.054208993911743164
0.05068492889404297
0.01635909080505371
0.032975196838378906
0.014549016952514648
0.0354769229888916
0.031745195388793945
0.02399611473083496
0.021847963333129883
0.03539609909057617
0.04001283645629883
0.0558321475982666
0.052789926528930664
0.04484701156616211
0.028113126754760742
0.05509495735168457
0.03273797035217285
0.03403806686401367
0.05474090576171875
0.029808998107910156
0.027490854263305664
0.03009200096130371
0.05549907684326172
0.018037080764770508
0.05520486831665039
0.05525803565979004
0.06179094314575195
0.0658409595489502
0.03793501853942871
0.034497976303100586
0.02442789077758789
0.03777790069580078
0.05229806900024414
0.03749704360961914
0.02159404754638672
0.028755903244018555
0.03263592720031738
0.029721975326538086
0.04594111442565918
0.023372173309326172
0.027730941772460938
0.0610959529876709
0.0321040153503418
0.018545150756835938
0.03850388526916504
0.052618980407714844
0.055278778076171875
0.04995083808898926
0.06502103805541992
0.029964208602905273
0.04899907112121582
0.029900074005126953
0.05302095413208008
0.05828118324279785
0.03248095512390137
0.019711017608642578
0.047968149185180664
0.04650521278381348
0.03832507133483887
0.03752398490905762
0.041738033294677734
0.0454561710357666
0.018078088760375977
0.041951894760131836
0.07685399055480957
0.05158519744873047
0.03720593452453613
0.04913592338562012
0.03667306900024414
0.04278683662414551
0.05020284652709961
0.014202117919921875
0.053900957107543945
0.034974098205566406
0.04942798614501953
0.031069040298461914
0.037652015686035156
0.03836512565612793
0.05339503288269043
0.0247800350189209
0.05694699287414551
0.020277023315429688
0.030096054077148438
0.05508303642272949
0.02318096160888672
0.05402398109436035
0.05523180961608887
0.03209400177001953
0.03949999809265137
0.04728507995605469
0.04925107955932617
0.016329050064086914
0.02243804931640625
0.04802203178405762
0.05967402458190918
0.04704999923706055
0.05693507194519043
0.047659873962402344
0.01882004737854004
0.02411198616027832
0.035928964614868164
0.016314983367919922
0.03364896774291992
0.024415016174316406
0.06044507026672363
0.029771089553833008
0.028621912002563477
0.0329899787902832
0.016242027282714844
0.03710818290710449
0.047479867935180664
0.02196788787841797
0.04487299919128418
0.0450439453125
0.012560129165649414
0.04893183708190918
0.051683902740478516
0.04412698745727539
0.02435302734375
0.03512692451477051
0.020082950592041016
0.06485891342163086
0.016093969345092773
0.03279399871826172
0.022909879684448242
0.01897883415222168
0.05010485649108887
0.05531501770019531
0.05567812919616699
0.02387404441833496
0.019526958465576172
0.05489516258239746
0.055149078369140625
0.03593087196350098
0.03827786445617676
0.015452861785888672
0.020699024200439453
0.042797088623046875
0.028495073318481445
0.03161001205444336
0.0530550479888916
0.06893682479858398
0.04532003402709961
0.03202199935913086
0.03170895576477051
0.024231910705566406
0.010078907012939453
0.031332969665527344
0.05186605453491211
0.03969907760620117
0.048887014389038086
0.03543996810913086
0.03580880165100098
0.0297391414642334
0.03882193565368652
0.02862405776977539
0.041023969650268555
0.040643930435180664
0.06050992012023926
0.02397298812866211
0.053926944732666016
0.03977799415588379
0.024595022201538086
0.019043922424316406
0.03246116638183594
0.03306007385253906
0.054141998291015625
0.03156590461730957
0.05825400352478027
0.05185294151306152
0.040411949157714844
0.03122115135192871
0.039430856704711914
0.040132999420166016
0.051123857498168945
0.06100916862487793
0.036158084869384766
0.024472951889038086
0.03263211250305176
0.04566597938537598
0.031538963317871094
0.03748297691345215
0.04000401496887207
0.03078293800354004
0.04307389259338379
0.02662491798400879
0.05335688591003418
0.058233022689819336
0.039839982986450195
0.04837608337402344
0.016463041305541992
0.04576706886291504
0.05204415321350098
0.05804920196533203
0.04871106147766113
0.04689812660217285
0.0206298828125
0.03067302703857422
0.022281169891357422
0.049182891845703125
0.05457711219787598
0.012434959411621094
0.0329899787902832
0.020701169967651367
0.051345109939575195
0.011033058166503906
0.033410072326660156
0.03958010673522949
0.0349278450012207
0.061791181564331055
0.04191899299621582
0.03257179260253906
0.04917001724243164
0.03983283042907715
0.05836296081542969
0.014644145965576172
0.03761005401611328
0.04625391960144043
0.03040003776550293
0.044535160064697266
0.01833796501159668
0.01642918586730957
0.04813694953918457
0.025115966796875
0.04185199737548828
0.05553698539733887
0.02322101593017578
0.05065798759460449
0.03816699981689453
0.042864084243774414
0.05851483345031738
0.06131696701049805
0.03081679344177246
0.045250892639160156
0.01706409454345703
0.03724813461303711
0.051264047622680664
0.041207075119018555
0.04524397850036621
0.03641915321350098
0.015667200088500977
0.015558004379272461
0.014693975448608398
0.024580955505371094
0.04475116729736328
0.05708789825439453
0.026798009872436523
0.050415992736816406
0.02027297019958496
0.054312944412231445
0.019115924835205078
0.04217195510864258
0.03592491149902344
0.04305410385131836
0.04256010055541992
0.01663684844970703
0.02313709259033203
0.05186796188354492
0.041375160217285156
0.04012179374694824
0.057505130767822266
0.05298805236816406
0.03239703178405762
0.0518190860748291
0.03649497032165527
0.016397953033447266
0.05551505088806152
0.007650852203369141
0.01258993148803711
0.022520065307617188
0.03896903991699219
0.03281998634338379
0.03758406639099121
0.04169297218322754
0.03232598304748535
0.03713512420654297
0.03992009162902832
0.04645991325378418
0.02678394317626953
0.03705787658691406
0.020658016204833984
0.05761599540710449
0.0340580940246582
0.013959884643554688
0.045710086822509766
0.03013300895690918
0.028645038604736328
0.03477215766906738
0.045606136322021484
0.010922908782958984
0.03964400291442871
0.0668480396270752
0.022016048431396484
0.021899938583374023
0.0688621997833252
0.04268813133239746
0.04861593246459961
0.04585886001586914
0.04534602165222168
0.03153085708618164
0.03879904747009277
0.040678977966308594
0.04703688621520996
0.05537700653076172
0.0404050350189209
0.04852604866027832
0.055895090103149414
0.043759822845458984
0.02197408676147461
0.059983015060424805
0.04086899757385254
0.02005481719970703
0.029760122299194336
0.054978132247924805
0.03465104103088379
0.031373023986816406
0.06120014190673828
0.025490999221801758
0.04500889778137207
0.0480198860168457
0.03324103355407715
0.021508216857910156
0.022433996200561523
0.03562307357788086
0.022066116333007812
0.05346393585205078
0.0490269660949707
0.02971792221069336
0.04827404022216797
0.027962923049926758
0.022290945053100586
0.03609514236450195
0.04139304161071777
0.0368800163269043
0.038269996643066406
0.04551506042480469
0.015265941619873047
0.061083078384399414
0.04738497734069824
0.0238800048828125
0.053082942962646484
0.01911783218383789
0.057562828063964844
0.024688005447387695
0.021918058395385742
0.023949146270751953
0.037876129150390625
0.014828920364379883
0.0757758617401123
0.04428410530090332
0.021184921264648438
0.03668212890625
0.01364898681640625
0.04716300964355469
0.039617061614990234
0.03703594207763672
0.03536796569824219
0.022312164306640625
0.043235063552856445
0.034353017807006836
0.015903949737548828
0.0560150146484375
0.04244804382324219
0.0213470458984375
0.03572392463684082
0.014899969100952148
0.0547177791595459
0.05070996284484863
0.03188014030456543
0.04529094696044922
0.059732913970947266
0.030058860778808594
0.03385615348815918
0.02353501319885254
0.05602097511291504
0.025242090225219727
0.03188300132751465
0.028301000595092773
0.042793989181518555
0.023382902145385742
0.03368997573852539
0.06498289108276367
0.012524127960205078
0.006188154220581055
0.05526590347290039
0.05605006217956543
0.05362987518310547
0.0570681095123291
0.037930965423583984
0.048297882080078125
0.032586097717285156
0.04192805290222168
0.02492809295654297
0.05485701560974121
0.014899969100952148
0.01505899429321289
0.04909801483154297
0.03952217102050781
0.038999080657958984
0.04296684265136719
0.04534292221069336
0.019754886627197266
0.014083147048950195
0.031844139099121094
0.05111813545227051
0.014518976211547852
0.03475308418273926
0.031118154525756836
0.03427910804748535
0.0346682071685791
0.048812150955200195
0.026874065399169922
0.029909849166870117
0.05797410011291504
0.01860499382019043
0.05491900444030762
0.07306981086730957
0.0133819580078125
0.023310184478759766
0.0403599739074707
0.020080089569091797
0.03435397148132324
0.04915904998779297
0.05663800239562988
0.025657176971435547
0.039613962173461914
0.0673818588256836
0.044892072677612305
0.04064607620239258
0.04127621650695801
0.02469801902770996
0.04814505577087402
0.018819093704223633
0.03734397888183594
0.018133163452148438
0.025494813919067383
0.0314030647277832
0.03951120376586914
0.0613710880279541
0.02846980094909668
0.03193187713623047
0.022523164749145508
0.02413797378540039
0.01550912857055664
0.050354957580566406
0.05953502655029297
0.03162980079650879
0.01827096939086914
0.03647303581237793
0.05072808265686035
0.04408884048461914
0.038491010665893555
0.057029008865356445
0.04048299789428711
0.02210402488708496
0.035820960998535156
0.03328394889831543
0.020680904388427734
0.040452003479003906
0.04217410087585449
0.03766512870788574
0.03916501998901367
0.04191303253173828
0.054064035415649414
0.043142080307006836
0.030559778213500977
0.033447980880737305
0.02288508415222168
0.027868032455444336
