0.024729013442993164
0.07191085815429688
0.038754940032958984
0.03862786293029785
0.028039216995239258
0.020014047622680664
0.04763603210449219
0.03332686424255371
0.05295586585998535
0.03228902816772461
0.02617502212524414
0.04961800575256348
0.04216885566711426
0.042449951171875
0.022150039672851562
0.013421058654785156
0.056172847747802734
0.03779006004333496
0.05764007568359375
0.04171586036682129
0.02534198760986328
0.01793813705444336
0.038932085037231445
0.028383970260620117
0.04179692268371582
0.016649961471557617
0.049143075942993164
0.032614946365356445
0.03647184371948242
0.056488990783691406
0.030794143676757812
0.031430959701538086
0.03724813461303711
0.05105781555175781
0.026692867279052734
0.034339189529418945
0.046009063720703125
0.04485607147216797
0.06093406677246094
0.03836798667907715
0.03215909004211426
0.05710291862487793
0.032032012939453125
0.033251047134399414
0.049408912658691406
0.053642988204956055
0.0622711181640625
0.0506899356842041
0.04709315299987793
0.029352903366088867
0.024020910263061523
0.018180131912231445
0.03012394905090332
0.02571392059326172
0.03852200508117676
0.033186912536621094
0.0364079475402832
0.02336883544921875
0.06337690353393555
0.011835098266601562
0.012495994567871094
0.04680800437927246
0.028470993041992188
0.053775787353515625
0.03527116775512695
0.05277299880981445
0.03848004341125488
0.051216840744018555
0.041290998458862305
0.04701805114746094
0.05033683776855469
0.03900504112243652
0.013606071472167969
0.016265869140625
0.04599809646606445
0.030779123306274414
0.04720878601074219
0.05905294418334961
0.0372920036315918
0.033360958099365234
0.04714202880859375
0.02231287956237793
0.02968287467956543
0.05014395713806152
0.03229403495788574
0.02968907356262207
0.02795696258544922
0.04089498519897461
0.0503389835357666
0.013874053955078125
0.0524899959564209
0.056860923767089844
0.04901480674743652
0.019969940185546875
0.023764848709106445
0.01823592185974121
0.04995989799499512
0.034304141998291016
0.018615007400512695
0.049112796783447266
0.05165719985961914
0.05735516548156738
0.03723883628845215
0.020792007446289062
0.047647953033447266
0.04271411895751953
0.06600284576416016
0.054986000061035156
0.028532981872558594
0.023450136184692383
0.0310208797454834
0.02706599235534668
0.05107402801513672
0.05662798881530762
0.036659955978393555
0.036663055419921875
0.05210590362548828
0.05126190185546875
0.04699397087097168
0.031074047088623047
0.039283037185668945
0.02657604217529297
0.02679300308227539
0.03665304183959961
0.04282999038696289
0.036576032638549805
0.050753116607666016
0.0568079948425293
0.028850078582763672
0.03342890739440918
0.049798011779785156
0.030524015426635742
0.045413970947265625
0.03204703330993652
0.045931100845336914
0.020034074783325195
0.010514020919799805
0.037049055099487305
0.03685498237609863
0.020750999450683594
0.028727054595947266
0.04950904846191406
0.045968055725097656
0.04734301567077637
0.06524896621704102
0.01710200309753418
0.052815914154052734
0.06757307052612305
0.04829978942871094
0.037138938903808594
0.02722001075744629
0.04489302635192871
0.043833017349243164
0.048304080963134766
0.03611493110656738
0.03948020935058594
0.030057907104492188
0.04675912857055664
0.05334901809692383
0.052680015563964844
0.04084300994873047
0.04599404335021973
0.03766822814941406
0.009739875793457031
0.0533449649810791
0.02980518341064453
0.03751993179321289
0.05275297164916992
0.050192832946777344
0.05864596366882324
0.04228997230529785
0.04424905776977539
0.019945859909057617
0.02721691131591797
0.060224056243896484
0.012250900268554688
0.05289101600646973
0.04853010177612305
0.02719402313232422
0.04717898368835449
0.056381940841674805
0.036997079849243164
0.040557146072387695
0.053359031677246094
0.05239391326904297
0.06762194633483887
0.05171704292297363
0.05691695213317871
0.029647111892700195
0.008985042572021484
0.06116485595703125
0.024420976638793945
0.03276395797729492
0.038923025131225586
0.037045955657958984
0.014912843704223633
0.06220197677612305
0.05566596984863281
0.021465063095092773
0.031909942626953125
0.0338129997253418
0.0485382080078125
0.02913379669189453
0.05695605278015137
0.04103207588195801
0.05335879325866699
0.019457101821899414
0.015978097915649414
0.05926394462585449
0.017506122589111328
0.030591964721679688
0.028126001358032227
0.02997589111328125
0.06170082092285156
0.02271294593811035
0.01083683967590332
0.037815093994140625
0.0603480339050293
0.03129100799560547
0.06514096260070801
0.0703730583190918
0.04046893119812012
0.03334212303161621
0.04265999794006348
0.04384803771972656
0.048915863037109375
0.018290996551513672
0.020689964294433594
0.028388023376464844
0.04798102378845215
0.026530981063842773
0.02709817886352539
0.019604921340942383
0.03112196922302246
0.023373842239379883
0.020607948303222656
0.048666954040527344
0.04947090148925781
0.03473091125488281
0.05532693862915039
0.04123091697692871
0.02027606964111328
0.04254007339477539
0.04786109924316406
0.05299496650695801
0.044548988342285156
0.040557146072387695
0.04142403602600098
0.053282976150512695
0.01400899887084961
0.05215191841125488
0.010560035705566406
0.014815092086791992
0.03158211708068848
0.024901151657104492
0.061907052993774414
0.041697025299072266
0.0201568603515625
0.05465292930603027
0.04104018211364746
0.04781198501586914
0.015516042709350586
0.06897997856140137
0.04528188705444336
0.012449026107788086
0.024075031280517578
0.04638385772705078
0.03919410705566406
0.02516317367553711
0.016389131546020508
0.047550201416015625
0.03659391403198242
0.03136110305786133
0.02460789680480957
0.04993605613708496
0.06103396415710449
0.0676870346069336
0.05283308029174805
0.041420936584472656
0.04870891571044922
0.018229961395263672
0.01583099365234375
0.0074160099029541016
0.01433110237121582
0.04938316345214844
0.022202014923095703
0.03799891471862793
0.026980161666870117
0.059172868728637695
0.05261397361755371
0.045842885971069336
0.061012983322143555
0.037930965423583984
0.06215095520019531
0.049198150634765625
0.016973018646240234
0.0346219539642334
0.04447603225708008
0.03911185264587402
0.04800009727478027
0.028068065643310547
0.038433074951171875
0.033807992935180664
0.03389692306518555
0.05737709999084473
0.06584596633911133
0.035758018493652344
0.07400894165039062
0.04683494567871094
0.025574922561645508
0.04160499572753906
0.06112098693847656
0.03662300109863281
0.02550506591796875
0.026763916015625
0.05097794532775879
0.021285057067871094
0.031722068786621094
0.045068979263305664
0.022847890853881836
0.05892300605773926
0.04466891288757324
0.05294084548950195
0.019809961318969727
0.04722285270690918
0.04045295715332031
0.03275704383850098
0.055264949798583984
0.04125189781188965
0.053114891052246094
0.04499101638793945
0.04286694526672363
0.02569293975830078
0.027323007583618164
0.05900406837463379
0.05005908012390137
0.018956899642944336
0.03570389747619629
0.05568194389343262
0.030375003814697266
0.03749489784240723
0.05355691909790039
0.02118396759033203
0.03271818161010742
0.029335975646972656
0.022145986557006836
0.04175877571105957
0.054553985595703125
0.0536649227142334
0.01995992660522461
0.053434133529663086
0.043035030364990234
0.05477499961853027
0.040647029876708984
0.018451929092407227
0.026987075805664062
0.018963098526000977
0.034255027770996094
0.03924703598022461
0.06536293029785156
0.04984402656555176
0.05507612228393555
0.040699005126953125
0.04546618461608887
0.03095698356628418
0.046015024185180664
0.05066490173339844
0.05368804931640625
0.0490109920501709
0.039880990982055664
0.041176795959472656
0.051226139068603516
0.038359880447387695
0.02448296546936035
0.047959089279174805
0.0280301570892334
0.032518863677978516
0.07290410995483398
0.030957937240600586
0.026725053787231445
0.018835067749023438
0.040682077407836914
0.03086996078491211
0.04616379737854004
0.030897855758666992
0.008186101913452148
0.029145002365112305
0.02809906005859375
0.014275074005126953
0.031244993209838867
0.0465390682220459
0.02882695198059082
0.061444997787475586
0.05357217788696289
0.01355600357055664
0.009293079376220703
0.038105010986328125
0.04159998893737793
0.037034034729003906
0.038268089294433594
0.027534008026123047
0.030009984970092773
0.05719399452209473
0.035115957260131836
0.027311086654663086
0.04710698127746582
0.04021787643432617
0.036958932876586914
0.04291582107543945
0.03209114074707031
0.04720115661621094
0.0566709041595459
0.049713134765625
0.028387069702148438
0.05293107032775879
0.024284839630126953
0.021693944931030273
0.016058921813964844
0.06374812126159668
0.03065013885498047
0.03428816795349121
0.026833057403564453
0.05628705024719238
0.036431074142456055
0.052911996841430664
0.050054073333740234
0.02709794044494629
0.018329858779907227
0.015892982482910156
0.01265716552734375
0.03634285926818848
0.054207801818847656
0.019579172134399414
0.07185196876525879
0.036653995513916016
0.04296994209289551
0.04141092300415039
0.05349993705749512
0.043586015701293945
0.06125903129577637
0.03995394706726074
0.016154050827026367
0.06137204170227051
0.05662679672241211
0.057981014251708984
0.07236194610595703
0.047749996185302734
0.027256011962890625
0.032662153244018555
0.05356097221374512
0.04466104507446289
0.031168222427368164
0.018642187118530273
0.03841710090637207
0.05561685562133789
0.06227397918701172
0.03970217704772949
0.033799171447753906
0.029736995697021484
0.06130099296569824
0.030855894088745117
0.04886603355407715
0.04071807861328125
0.03038311004638672
0.04079389572143555
0.03339409828186035
0.02839517593383789
0.05353403091430664
0.012716054916381836
0.024448871612548828
0.017776966094970703
0.04838705062866211
0.02466106414794922
0.03832697868347168
0.043385982513427734
0.026870012283325195
0.04964613914489746
0.04651808738708496
0.05028104782104492
0.029696941375732422
0.04148697853088379
0.05323290824890137
0.021669864654541016
0.0459589958190918
0.050595998764038086
0.051918983459472656
0.041214942932128906
0.029011964797973633
0.03466987609863281
0.013200998306274414
0.040184974670410156
0.03168892860412598
0.018529176712036133
0.05101299285888672
0.06130504608154297
0.033998966217041016
0.049360036849975586
0.03832602500915527
0.022326946258544922
0.045513153076171875
0.04978489875793457
0.050707101821899414
0.04449105262756348
0.06251192092895508
0.029617786407470703
0.05237698554992676
0.05716991424560547
0.04915285110473633
0.026742935180664062
0.033113956451416016
0.057034969329833984
0.03528594970703125
0.03783679008483887
0.046885013580322266
0.03141903877258301
0.019463062286376953
0.02408289909362793
0.04261279106140137
0.0393979549407959
0.0503849983215332
0.019886016845703125
0.06361818313598633
0.04842996597290039
0.034520864486694336
0.021960020065307617
0.03269791603088379
0.03435993194580078
0.057595014572143555
0.032334089279174805
0.013306140899658203
0.02398395538330078
0.06317281723022461
0.03618502616882324
0.011154890060424805
0.04322385787963867
0.04739785194396973
0.056648969650268555
0.053575992584228516
0.04858207702636719
0.016558170318603516
0.028716087341308594
0.04126381874084473
0.02059483528137207
0.03665590286254883
0.07132577896118164
0.04141497611999512
0.02715778350830078
0.04462289810180664
0.05223894119262695
0.054121971130371094
0.0158388614654541
0.04798698425292969
0.04293990135192871
0.055058956146240234
0.04205894470214844
0.046504974365234375
0.03730201721191406
0.028461933135986328
0.03371000289916992
0.035344839096069336
0.05916905403137207
0.05171394348144531
0.026877880096435547
0.049649953842163086
0.03607296943664551
0.04603385925292969
0.027045011520385742
0.049735069274902344
0.04435396194458008
0.04316306114196777
0.027754783630371094
0.04671883583068848
0.02635502815246582
0.03908705711364746
0.045423030853271484
0.03937792778015137
0.03171086311340332
0.03285408020019531
0.02781391143798828
0.0612788200378418
0.04967093467712402
0.059609174728393555
0.03868293762207031
0.03234100341796875
0.04123401641845703
0.045211076736450195
0.029443979263305664
0.030160188674926758
0.020173072814941406
0.03625607490539551
0.05550193786621094
0.020242929458618164
0.031177997589111328
0.029909133911132812
0.04906415939331055
0.04857802391052246
0.06175518035888672
0.028692960739135742
0.057090044021606445
0.03817892074584961
