0.05129098892211914
0.04554009437561035
0.034510135650634766
0.023621082305908203
0.07220983505249023
0.028389930725097656
0.02739095687866211
0.022333145141601562
0.058908939361572266
0.046157121658325195
0.03809189796447754
0.03048992156982422
0.04906201362609863
0.04464387893676758
0.03898906707763672
0.023190975189208984
0.05070996284484863
0.05422186851501465
0.04293203353881836
0.06702780723571777
0.012335062026977539
0.0499420166015625
0.029101848602294922
0.04556703567504883
0.02409982681274414
0.032150983810424805
0.04276895523071289
0.02536916732788086
0.04101204872131348
0.05554509162902832
0.02405405044555664
0.017086029052734375
0.04288315773010254
0.05127215385437012
0.03881692886352539
0.026669025421142578
0.040933847427368164
0.016644001007080078
0.04448199272155762
0.05320310592651367
0.03552603721618652
0.05368304252624512
0.028623104095458984
0.02179098129272461
0.04278397560119629
0.05053091049194336
0.04137587547302246
0.027370929718017578
0.015582084655761719
0.041810035705566406
0.0474848747253418
0.028081893920898438
0.04907798767089844
0.04025101661682129
0.016397953033447266
0.05734086036682129
0.023388147354125977
0.016571998596191406
0.05857706069946289
0.05791115760803223
0.04462599754333496
0.04533791542053223
0.0338740348815918
0.045416831970214844
0.05659198760986328
0.047696828842163086
0.03216910362243652
0.02886795997619629
0.0610501766204834
0.04141712188720703
0.057183027267456055
0.0415349006652832
0.07521486282348633
0.027911901473999023
0.04400897026062012
0.0326380729675293
0.055706024169921875
0.020552873611450195
0.024106979370117188
0.027805089950561523
0.021162986755371094
0.007132053375244141
0.04505014419555664
0.0291290283203125
0.027471065521240234
0.04868793487548828
0.03273296356201172
0.05302786827087402
0.024170875549316406
0.034680843353271484
0.028046846389770508
0.025708913803100586
0.033226966857910156
0.04029703140258789
0.05559802055358887
0.03838610649108887
0.05086207389831543
0.03489494323730469
0.01955580711364746
0.037606000900268555
0.0330660343170166
0.041819095611572266
0.038314104080200195
0.041931867599487305
0.041181087493896484
0.01635885238647461
0.045578956604003906
0.04428696632385254
0.018780946731567383
0.018620014190673828
0.013750076293945312
0.03671884536743164
0.04621410369873047
0.04586005210876465
0.015998125076293945
0.036921024322509766
0.014672994613647461
0.027256011962890625
0.05466890335083008
0.037783145904541016
0.06896305084228516
0.014700174331665039
0.041708946228027344
0.04311704635620117
0.030514955520629883
0.04993295669555664
0.03388190269470215
0.03772783279418945
0.052047014236450195
0.022059202194213867
0.044180870056152344
0.0430150032043457
0.02445387840270996
0.04529404640197754
0.039498090744018555
0.01895618438720703
0.058975934982299805
0.034600019454956055
0.04685616493225098
0.025092124938964844
0.017750024795532227
0.041558027267456055
0.03883004188537598
0.04520297050476074
0.032011985778808594
0.038144826889038086
0.03150677680969238
0.04167795181274414
0.04580092430114746
0.012817144393920898
0.05230283737182617
0.04351305961608887
0.057138919830322266
0.049729108810424805
0.030668020248413086
0.057327985763549805
0.04050493240356445
0.03996586799621582
0.05250692367553711
0.054750919342041016
0.017900943756103516
0.054920196533203125
0.04857206344604492
0.0555269718170166
0.03239893913269043
0.04297208786010742
0.0592188835144043
0.045993804931640625
0.03479409217834473
0.023375988006591797
0.041345834732055664
0.05472111701965332
0.06216096878051758
0.04909014701843262
0.0461580753326416
0.01971602439880371
0.03849911689758301
0.0434269905090332
0.054780006408691406
0.037364959716796875
0.023383140563964844
0.05026602745056152
0.022708892822265625
0.0291287899017334
0.033640146255493164
0.04507613182067871
0.021386146545410156
0.023522138595581055
0.047551870346069336
0.016729116439819336
0.013895034790039062
0.024731874465942383
0.05528688430786133
0.05472302436828613
0.03523111343383789
0.029556989669799805
0.046758174896240234
0.04849720001220703
0.01994490623474121
0.029108047485351562
0.02072906494140625
0.04161405563354492
0.04956984519958496
0.0555720329284668
0.05037093162536621
0.03374195098876953
0.03933882713317871
0.028594017028808594
0.04252886772155762
0.0403439998626709
0.031010866165161133
0.035418033599853516
0.031032085418701172
0.03948688507080078
0.04511904716491699
0.03256988525390625
0.01763296127319336
0.044790029525756836
0.03265213966369629
0.01668095588684082
0.03204011917114258
0.024431943893432617
0.04138684272766113
0.06122589111328125
0.048789024353027344
0.03328514099121094
0.012279987335205078
0.04182600975036621
0.0449678897857666
0.044133901596069336
0.03976917266845703
0.05116915702819824
0.03222393989562988
0.016686201095581055
0.07210016250610352
0.048774003982543945
0.028736114501953125
0.02706003189086914
0.051303863525390625
0.035178184509277344
0.027859926223754883
0.051603078842163086
0.04910397529602051
0.03984379768371582
0.048217058181762695
0.054438114166259766
0.06844186782836914
0.06522893905639648
0.01452493667602539
0.052034854888916016
0.025378942489624023
0.05450701713562012
0.03969717025756836
0.032672882080078125
0.06486010551452637
0.061738014221191406
0.05060100555419922
0.03802800178527832
0.023999929428100586
0.02211904525756836
0.037786006927490234
0.01651310920715332
0.04156804084777832
0.016009807586669922
0.042449951171875
0.014518976211547852
0.03700900077819824
0.06126093864440918
0.05866599082946777
0.04726099967956543
0.053331851959228516
0.04917097091674805
0.04212594032287598
0.035169124603271484
0.03558802604675293
0.0378880500793457
0.013920068740844727
0.022367000579833984
0.04991602897644043
0.032269954681396484
0.026506900787353516
0.022830963134765625
0.014689922332763672
0.011570930480957031
0.029115915298461914
0.058959007263183594
0.023568153381347656
0.050878047943115234
0.06132197380065918
0.013200044631958008
0.03256583213806152
0.055468082427978516
0.04773592948913574
0.05028796195983887
0.024049997329711914
0.027386903762817383
0.03962993621826172
0.034239768981933594
0.03850603103637695
0.04527091979980469
0.023952960968017578
0.055565834045410156
0.03807878494262695
0.04739189147949219
0.02127695083618164
0.04695296287536621
0.06506586074829102
0.04154086112976074
0.03545093536376953
0.04490995407104492
0.038378000259399414
0.03638792037963867
0.05828094482421875
0.0395660400390625
0.04551887512207031
0.026552915573120117
0.012171030044555664
0.027575969696044922
0.01982593536376953
0.05706000328063965
0.03326988220214844
0.0350949764251709
0.0657651424407959
0.015283823013305664
0.03928685188293457
0.052316904067993164
0.028419017791748047
0.01310586929321289
0.019019126892089844
0.0323488712310791
0.018723011016845703
0.0390009880065918
0.03540182113647461
0.04043388366699219
0.02986288070678711
0.05341792106628418
0.053089141845703125
0.0596928596496582
0.03224015235900879
0.04705381393432617
0.02401280403137207
0.04539799690246582
0.06094193458557129
0.03408408164978027
0.04604196548461914
0.04918384552001953
0.02407979965209961
0.03177499771118164
0.07725381851196289
0.016528844833374023
0.028065919876098633
0.02358102798461914
0.04786396026611328
0.0549468994140625
0.035346031188964844
0.039530038833618164
0.05937385559082031
0.06304383277893066
0.054527997970581055
0.027430057525634766
0.05123591423034668
0.032199859619140625
0.03983902931213379
0.0393071174621582
0.025671005249023438
0.04885601997375488
0.03931593894958496
0.048954010009765625
0.05769205093383789
0.05199408531188965
0.055757999420166016
0.04414510726928711
0.05507183074951172
0.05100297927856445
0.037841081619262695
0.05892205238342285
0.04578208923339844
0.04558992385864258
0.04331183433532715
0.06138801574707031
0.029833078384399414
0.06586790084838867
0.015776872634887695
0.03171205520629883
0.032395124435424805
0.019688129425048828
0.03181600570678711
0.049868106842041016
0.03798317909240723
0.032074928283691406
0.04076099395751953
0.053637027740478516
0.03897905349731445
0.05049300193786621
0.040025949478149414
0.04370522499084473
0.07295894622802734
0.027512073516845703
0.036543846130371094
0.05392122268676758
0.02784109115600586
0.026182889938354492
0.0369570255279541
0.05330681800842285
0.02007007598876953
0.04274702072143555
0.03828096389770508
0.05126500129699707
0.054292917251586914
0.03388810157775879
0.04924607276916504
0.07313108444213867
0.023760080337524414
0.053804874420166016
0.012418031692504883
0.03066110610961914
0.04916787147521973
0.043856143951416016
0.04080390930175781
0.04902911186218262
0.05210614204406738
0.05429720878601074
0.02816605567932129
0.044078826904296875
0.04368996620178223
0.015007972717285156
0.05550098419189453
0.03264498710632324
0.01794719696044922
0.058341026306152344
0.06737995147705078
0.0442352294921875
0.04855799674987793
0.0691690444946289
0.046984195709228516
0.028656005859375
0.03284502029418945
0.04486203193664551
0.03263497352600098
0.042098045349121094
0.036466121673583984
0.04697012901306152
0.014317989349365234
0.012463808059692383
0.03593707084655762
0.06116199493408203
0.026962995529174805
0.02716994285583496
0.0474238395690918
0.05904388427734375
0.04822802543640137
0.007642984390258789
0.03599286079406738
0.033064842224121094
0.04568004608154297
0.02792501449584961
0.03406405448913574
0.0539090633392334
0.04052996635437012
0.041348934173583984
0.02013087272644043
0.06253504753112793
0.03811502456665039
0.04017996788024902
0.022977828979492188
0.018661022186279297
0.05414390563964844
0.04581904411315918
0.050961971282958984
0.014020919799804688
0.06483697891235352
0.05423784255981445
0.013669967651367188
0.04627203941345215
0.024066925048828125
0.02956986427307129
0.0449678897857666
0.04670095443725586
0.05695486068725586
0.037106990814208984
0.04666614532470703
0.06359696388244629
0.045104026794433594
0.053143978118896484
0.022336959838867188
0.05113506317138672
0.03463411331176758
0.04528689384460449
0.03370094299316406
0.03647613525390625
0.02842402458190918
0.016605854034423828
0.04096794128417969
0.04542183876037598
0.06118488311767578
0.020594120025634766
0.03925800323486328
0.019567012786865234
0.053350210189819336
0.05252408981323242
0.03747296333312988
0.054633140563964844
0.033735036849975586
0.047528982162475586
0.032872915267944336
0.05395817756652832
0.04629087448120117
0.04718184471130371
0.04196977615356445
0.018249034881591797
0.037180185317993164
0.04655814170837402
0.04987812042236328
0.05545806884765625
0.052223920822143555
0.04910993576049805
0.07111191749572754
0.03248000144958496
0.03387093544006348
0.021725893020629883
0.03076791763305664
0.02037501335144043
0.041420936584472656
0.030948877334594727
0.0610508918762207
0.05626392364501953
0.024258136749267578
0.058116912841796875
0.041409969329833984
0.016694068908691406
0.03588604927062988
0.038717031478881836
0.012429952621459961
0.02715587615966797
0.033843040466308594
0.04502391815185547
0.03115391731262207
0.04125213623046875
0.03231000900268555
0.021650075912475586
0.0230710506439209
0.04773902893066406
0.03176593780517578
0.04456281661987305
0.05625414848327637
0.022589921951293945
0.053503990173339844
0.06015801429748535
0.039238929748535156
0.04985404014587402
0.04983711242675781
0.014014959335327148
0.04340386390686035
0.05295515060424805
0.03225278854370117
0.04879117012023926
0.013473033905029297
0.055848121643066406
0.024929046630859375
0.057119131088256836
0.027985095977783203
0.03749895095825195
0.0494999885559082
0.0271909236907959
0.03892207145690918
0.011874914169311523
0.0671851634979248
0.011401176452636719
0.04956817626953125
0.04914689064025879
0.01026296615600586
0.04074907302856445
0.03956484794616699
0.013012170791625977
0.04674792289733887
0.03237199783325195
0.02448892593383789
0.02681899070739746
0.05234098434448242
0.02500295639038086
0.04758810997009277
0.03504014015197754
0.04065108299255371
0.039880990982055664
0.03456592559814453
0.018821001052856445
0.05796504020690918
0.029427051544189453
0.017555952072143555
0.030553102493286133
0.03344392776489258
0.02837681770324707
0.036269187927246094
0.01735401153564453
0.0179440975189209
0.017067909240722656
0.015254020690917969
0.006194114685058594
0.005861043930053711
0.005274057388305664
