0.04290580749511719
0.032820940017700195
0.041490793228149414
0.030310869216918945
0.03676795959472656
0.04565095901489258
0.04956507682800293
0.014880180358886719
0.05399894714355469
0.047200918197631836
0.02211904525756836
0.023454904556274414
0.046859025955200195
0.029775142669677734
0.016267061233520508
0.02988910675048828
0.02626180648803711
0.05333399772644043
0.01679706573486328
0.05584311485290527
0.04370617866516113
0.019762039184570312
0.05484199523925781
0.025635957717895508
0.027645111083984375
0.04717087745666504
0.06900405883789062
0.03228592872619629
0.04040098190307617
0.044606924057006836
0.05527901649475098
0.019235849380493164
0.04318714141845703
0.04178905487060547
0.06583905220031738
0.018006086349487305
0.050401926040649414
0.0242459774017334
0.032174110412597656
0.041851043701171875
0.05035710334777832
0.04112696647644043
0.05965900421142578
0.015722990036010742
0.03384685516357422
0.02286505699157715
0.0450589656829834
0.020274877548217773
0.04667782783508301
0.03839612007141113
0.04729795455932617
0.05030012130737305
0.054512977600097656
0.024880170822143555
0.04402899742126465
0.053444862365722656
0.05324077606201172
0.0379638671875
0.05343198776245117
0.026129961013793945
0.044278860092163086
0.030837059020996094
0.04071307182312012
0.04258108139038086
0.010458946228027344
0.040419816970825195
0.02356696128845215
0.05106091499328613
0.04419994354248047
0.049652099609375
0.03928017616271973
0.052388906478881836
0.04900813102722168
0.018096923828125
0.014121055603027344
0.04395413398742676
0.038136959075927734
0.039826154708862305
0.05118393898010254
0.03800702095031738
0.01464700698852539
0.03554511070251465
0.039457082748413086
0.01568603515625
0.060379981994628906
0.03180503845214844
0.0502009391784668
0.031668901443481445
0.04965519905090332
0.0543820858001709
0.021763086318969727
0.03214097023010254
0.05812692642211914
0.03094482421875
0.029427051544189453
0.0229339599609375
0.026185989379882812
0.0307009220123291
0.05077409744262695
0.03607797622680664
0.04980206489562988
0.057559967041015625
0.058064937591552734
0.04427003860473633
0.03573322296142578
0.016000986099243164
0.022291898727416992
0.03838300704956055
0.016650915145874023
0.02405405044555664
0.053385019302368164
0.052741050720214844
0.04434800148010254
0.06098794937133789
0.03123307228088379
0.022435903549194336
0.03489398956298828
0.034307003021240234
0.06229901313781738
0.018057823181152344
0.027482986450195312
0.030343055725097656
0.05293107032775879
0.05644989013671875
0.0248568058013916
0.016999006271362305
0.07260608673095703
0.04594993591308594
0.02302384376525879
0.06220602989196777
0.036904096603393555
0.030215024948120117
0.06804394721984863
0.026232004165649414
0.03656578063964844
0.020076990127563477
0.024717092514038086
0.026574134826660156
0.048413991928100586
0.037793874740600586
0.05197286605834961
0.049865007400512695
0.03827095031738281
0.018184900283813477
0.030164003372192383
0.05295085906982422
0.061012983322143555
0.03832888603210449
0.04215884208679199
0.04073214530944824
0.05194401741027832
0.017019987106323242
0.04951786994934082
0.025912046432495117
0.01593613624572754
0.03420615196228027
0.05355405807495117
0.030332088470458984
0.009896039962768555
0.04080796241760254
0.030525922775268555
0.04605293273925781
0.017517805099487305
0.027981042861938477
0.03289318084716797
0.040560007095336914
0.04177117347717285
0.03098917007446289
0.02761101722717285
0.01478886604309082
0.026002883911132812
0.03266406059265137
0.03181791305541992
0.01987910270690918
0.035804033279418945
0.046504974365234375
0.030717134475708008
0.04697299003601074
0.019747018814086914
0.027324914932250977
0.0719912052154541
0.011101007461547852
0.03749704360961914
0.0175018310546875
0.04554486274719238
0.056813955307006836
0.03134918212890625
0.06443500518798828
0.02952098846435547
0.04693293571472168
0.049128055572509766
0.013687849044799805
0.04161810874938965
0.051061153411865234
0.04613304138183594
0.05987095832824707
0.0395359992980957
0.015898942947387695
0.030772924423217773
0.03246498107910156
0.04014182090759277
0.0519108772277832
0.05300498008728027
0.014189958572387695
0.050975799560546875
0.04629993438720703
0.05341982841491699
0.04681897163391113
0.04006505012512207
0.05404090881347656
0.023617029190063477
0.052133798599243164
0.0406649112701416
0.028532981872558594
0.03962302207946777
0.05350303649902344
0.026763916015625
0.050084829330444336
0.033928871154785156
0.016482114791870117
0.03725004196166992
0.044320106506347656
0.029645919799804688
0.054986000061035156
0.05295991897583008
0.03089594841003418
0.02986001968383789
0.05682992935180664
0.03846001625061035
0.024220943450927734
0.036097049713134766
0.030347824096679688
0.02412104606628418
0.024655818939208984
0.03232383728027344
0.03616809844970703
0.03141283988952637
0.02770686149597168
0.052392005920410156
0.02962183952331543
0.043862104415893555
0.030518054962158203
0.011697053909301758
0.04391002655029297
0.016839027404785156
0.03639793395996094
0.048226118087768555
0.028014183044433594
0.022166013717651367
0.04329681396484375
0.06397604942321777
0.13033699989318848
0.0425717830657959
0.03553891181945801
0.04001808166503906
0.051567792892456055
0.02313709259033203
0.027411937713623047
0.01270604133605957
0.045751094818115234
0.022547006607055664
0.03289294242858887
0.044287919998168945
0.061305999755859375
0.05539107322692871
0.04624295234680176
0.03914999961853027
0.05405092239379883
0.06445503234863281
0.039116859436035156
0.03629493713378906
0.053227901458740234
0.04653501510620117
0.04639911651611328
0.05814695358276367
0.02881002426147461
0.05122089385986328
0.03856205940246582
0.03425884246826172
0.05201911926269531
0.042118072509765625
0.018095970153808594
0.05800509452819824
0.06506609916687012
0.0422358512878418
0.031516075134277344
0.044471025466918945
0.06891798973083496
0.05198311805725098
0.03254294395446777
0.032145023345947266
0.04048919677734375
0.03554105758666992
0.04168415069580078
0.039144039154052734
0.0443270206451416
0.04498696327209473
0.034397125244140625
0.020049095153808594
0.03633594512939453
0.03773999214172363
0.03455519676208496
0.02834296226501465
0.030978918075561523
0.04578399658203125
0.036947011947631836
0.025183916091918945
0.01566600799560547
0.03205394744873047
0.016767024993896484
0.031529903411865234
0.028425931930541992
0.05121493339538574
0.04719996452331543
0.05329012870788574
0.052854061126708984
0.03531599044799805
0.04511618614196777
0.04494500160217285
0.045784950256347656
0.023772001266479492
0.04385209083557129
0.04576301574707031
0.02232217788696289
0.02416706085205078
0.06141805648803711
0.010383129119873047
0.020244121551513672
0.04168295860290527
0.044883012771606445
0.0531771183013916
0.014358997344970703
0.024116039276123047
0.03800702095031738
0.061589956283569336
0.03489208221435547
0.03757286071777344
0.04118704795837402
0.029006004333496094
0.016382932662963867
0.04852795600891113
0.022073984146118164
0.03450298309326172
0.03972220420837402
0.03527402877807617
0.061311960220336914
0.0362551212310791
0.047392845153808594
0.053598880767822266
0.05530285835266113
0.03953194618225098
0.05258917808532715
0.02653813362121582
0.04763507843017578
0.04504585266113281
0.05434083938598633
0.050965070724487305
0.04710102081298828
0.06147599220275879
0.05748701095581055
0.040766000747680664
0.02255702018737793
0.016083955764770508
0.031742095947265625
0.05497288703918457
0.04835200309753418
0.058220863342285156
0.03932499885559082
0.039057016372680664
0.05800795555114746
0.06648087501525879
0.05295991897583008
0.025065898895263672
0.01517486572265625
0.02761697769165039
0.03414320945739746
0.052291154861450195
0.06116509437561035
0.0529940128326416
0.02260303497314453
0.0405428409576416
0.05999112129211426
0.024525165557861328
0.03348994255065918
0.04910707473754883
0.04400515556335449
0.06517815589904785
0.02659296989440918
0.03363204002380371
0.055030107498168945
0.042385101318359375
0.03685283660888672
0.04848003387451172
0.03610706329345703
0.021229028701782227
0.04085993766784668
0.04474496841430664
0.054139137268066406
0.04755592346191406
0.036518096923828125
0.030884981155395508
0.04843282699584961
0.023086071014404297
0.05258893966674805
0.02585005760192871
0.028282880783081055
0.04915904998779297
0.02719712257385254
0.03621101379394531
0.04503798484802246
0.04861593246459961
0.0355830192565918
0.027403831481933594
0.0507969856262207
0.0572509765625
0.039662837982177734
0.047651052474975586
0.033708810806274414
0.03140711784362793
0.05578303337097168
0.05309796333312988
0.05031108856201172
0.05176687240600586
0.04956221580505371
0.036138057708740234
0.01576995849609375
0.024621963500976562
0.020395994186401367
0.024265050888061523
0.03009819984436035
0.04024314880371094
0.030086994171142578
0.05330204963684082
0.04350090026855469
0.029252052307128906
0.015159130096435547
0.04121112823486328
0.008828163146972656
0.01984095573425293
0.015635967254638672
0.04119300842285156
0.056910037994384766
0.04032492637634277
0.03795003890991211
0.018402814865112305
0.04739093780517578
0.013519048690795898
0.04031991958618164
0.024882793426513672
0.04775214195251465
0.03415703773498535
0.01409912109375
0.03540802001953125
0.05510687828063965
0.019721031188964844
0.039746999740600586
0.043517112731933594
0.02182292938232422
0.05620002746582031
0.031263113021850586
0.0202939510345459
0.06925487518310547
0.06769895553588867
0.02670884132385254
0.05937790870666504
0.02394700050354004
0.04118013381958008
0.06116199493408203
0.05504488945007324
0.02629995346069336
0.03815412521362305
0.0246279239654541
0.04141592979431152
0.024702072143554688
0.04685616493225098
0.0414738655090332
0.03517603874206543
0.03769516944885254
0.010487079620361328
0.034963130950927734
0.036622047424316406
0.03146100044250488
0.05145096778869629
0.02031993865966797
0.04934096336364746
0.03154897689819336
0.035353899002075195
0.04125404357910156
0.037081003189086914
0.07210803031921387
0.043725013732910156
0.017542123794555664
0.04616498947143555
0.020051956176757812
0.03556394577026367
0.013208866119384766
0.05981612205505371
0.04873085021972656
0.04415416717529297
0.06323099136352539
0.01475214958190918
0.024821043014526367
0.04487180709838867
0.02005791664123535
0.048551082611083984
0.05115509033203125
0.03102898597717285
0.050267934799194336
0.03171491622924805
0.040611982345581055
0.028194904327392578
0.047319889068603516
0.015125036239624023
0.03441905975341797
0.03154802322387695
0.030668020248413086
0.06504511833190918
0.04292893409729004
0.04072284698486328
0.028033971786499023
0.05174517631530762
0.020311832427978516
0.03743791580200195
0.028643131256103516
0.027227163314819336
0.03502297401428223
0.033728837966918945
0.07127904891967773
0.05350995063781738
0.06069803237915039
0.05161094665527344
0.024149179458618164
0.017524003982543945
0.006211996078491211
0.039505958557128906
0.03078007698059082
0.04939103126525879
0.044499874114990234
0.036535024642944336
0.06229209899902344
0.05302906036376953
0.05881905555725098
0.024242877960205078
0.05316281318664551
0.03385496139526367
0.06867384910583496
0.026197195053100586
0.03352189064025879
0.03991889953613281
0.026156187057495117
0.01983785629272461
0.04670977592468262
0.05606412887573242
0.026751995086669922
0.022147178649902344
0.04793095588684082
0.02230215072631836
0.008440971374511719
0.04905295372009277
0.040354013442993164
0.03141307830810547
0.04281306266784668
0.04112815856933594
0.03538012504577637
0.01612997055053711
0.01462697982788086
0.006874799728393555
0.03391408920288086
0.027768850326538086
0.043235063552856445
0.010722875595092773
0.05846095085144043
0.05017399787902832
0.024412870407104492
0.04969501495361328
0.024281024932861328
0.06652498245239258
0.03093719482421875
0.030473947525024414
0.045368194580078125
0.028395891189575195
0.03724217414855957
0.04605507850646973
0.026819944381713867
0.020455121994018555
0.054406166076660156
0.05658698081970215
0.03132987022399902
0.04221177101135254
0.0282900333404541
0.030498981475830078
0.01450490951538086
0.04388308525085449
0.025007963180541992
0.01813507080078125
0.04167008399963379
0.040376901626586914
0.03698992729187012
0.02933502197265625
0.052944183349609375
