0.06582403182983398
0.04085588455200195
0.01862812042236328
0.04203605651855469
0.0363469123840332
0.05562615394592285
0.06096816062927246
0.05144000053405762
0.0573878288269043
0.04364490509033203
0.04132699966430664
0.04086804389953613
0.0164949893951416
0.029186010360717773
0.03522801399230957
0.04538106918334961
0.025345802307128906
0.03201889991760254
0.037384033203125
0.03727388381958008
0.04923605918884277
0.015671968460083008
0.055212974548339844
0.030106782913208008
0.022053956985473633
0.06069302558898926
0.05477714538574219
0.04833793640136719
0.025589942932128906
0.0548090934753418
0.030777931213378906
0.047514915466308594
0.06359577178955078
0.05331611633300781
0.03619098663330078
0.06118297576904297
0.04602408409118652
0.026278018951416016
0.03995704650878906
0.041255950927734375
0.042173147201538086
0.03799700736999512
0.01845693588256836
0.030297040939331055
0.04338788986206055
0.05381584167480469
0.05332803726196289
0.03840208053588867
0.04562807083129883
0.022220849990844727
0.057276010513305664
0.061161041259765625
0.044538021087646484
0.041303157806396484
0.017673015594482422
0.04056096076965332
0.05921006202697754
0.013879060745239258
0.04068398475646973
0.022668838500976562
0.02937602996826172
0.04804801940917969
0.04492998123168945
0.04814791679382324
0.039807796478271484
0.03569507598876953
0.035762786865234375
0.06914997100830078
0.052922964096069336
0.03832197189331055
0.05820107460021973
0.019579172134399414
0.047020912170410156
0.032939910888671875
0.015177011489868164
0.026091814041137695
0.013161897659301758
0.051789045333862305
0.03309011459350586
0.04332280158996582
0.03780794143676758
0.016683101654052734
0.01558685302734375
0.0406801700592041
0.059964895248413086
0.04805302619934082
0.04227399826049805
0.027936220169067383
0.02909398078918457
0.027394771575927734
0.046946048736572266
0.04084587097167969
0.04216408729553223
0.02934718132019043
0.01909780502319336
0.01096796989440918
0.029178857803344727
0.04519796371459961
0.03735208511352539
0.053083181381225586
0.04624295234680176
0.0418848991394043
0.027930021286010742
0.07757115364074707
0.029680967330932617
0.04671001434326172
0.017890214920043945
0.02185201644897461
0.056298017501831055
0.014388084411621094
0.05280804634094238
0.04945206642150879
0.013241052627563477
0.028123855590820312
0.038136959075927734
0.03929400444030762
0.030582189559936523
0.03052997589111328
0.043962955474853516
0.027600765228271484
0.029706954956054688
0.046066999435424805
0.026163101196289062
0.022241830825805664
0.022582054138183594
0.044281005859375
0.019539833068847656
0.042745113372802734
0.034108877182006836
0.0678248405456543
0.04180908203125
0.04089999198913574
0.034635066986083984
0.031855106353759766
0.035178184509277344
0.030791044235229492
0.03391408920288086
0.06561017036437988
0.03728508949279785
0.040550947189331055
0.04867696762084961
0.0503079891204834
0.03335309028625488
0.0395050048828125
0.053236961364746094
0.01937389373779297
0.0353388786315918
0.023221969604492188
0.045886993408203125
0.028508901596069336
0.045835018157958984
0.039691925048828125
0.05399894714355469
0.03541994094848633
0.053314924240112305
0.0617518424987793
0.016071081161499023
0.05096912384033203
0.030946016311645508
0.03624916076660156
0.0450592041015625
0.04392218589782715
0.03049492835998535
0.028776884078979492
0.04165315628051758
0.04896092414855957
0.03185296058654785
0.03624081611633301
0.037648916244506836
0.025650978088378906
0.03540182113647461
0.014297008514404297
0.035264015197753906
0.04315900802612305
0.02016305923461914
0.04980206489562988
0.03604698181152344
0.062113046646118164
0.02982187271118164
0.04252815246582031
0.026396989822387695
0.05794501304626465
0.026100873947143555
0.04185795783996582
0.029051780700683594
0.03088998794555664
0.03197979927062988
0.04256796836853027
0.02828216552734375
0.016394853591918945
0.03343486785888672
0.032283782958984375
0.0538790225982666
0.050314903259277344
0.0475008487701416
0.06549215316772461
0.023292064666748047
0.033635854721069336
0.015657901763916016
0.04378986358642578
0.05503106117248535
0.04726386070251465
0.023700952529907227
0.049263954162597656
0.06532812118530273
0.050180912017822266
0.05579686164855957
0.06100916862487793
0.04022216796875
0.0229489803314209
0.04088711738586426
0.020058870315551758
0.04415607452392578
0.06590795516967773
0.044838905334472656
0.057215213775634766
0.04303693771362305
0.027106046676635742
0.020462989807128906
0.04374098777770996
0.044059038162231445
0.05618786811828613
0.010236024856567383
0.05135488510131836
0.03910398483276367
0.02563309669494629
0.027521848678588867
0.04951620101928711
0.022056102752685547
0.028543949127197266
0.04445791244506836
0.03402900695800781
0.05681586265563965
0.027997970581054688
0.0411379337310791
0.020582914352416992
0.04704093933105469
0.032829999923706055
0.031907081604003906
0.031347036361694336
0.029619932174682617
0.04785609245300293
0.027455806732177734
0.0307919979095459
0.03649306297302246
0.0166780948638916
0.05680203437805176
0.03972482681274414
0.02454090118408203
0.016502857208251953
0.027456045150756836
0.06528902053833008
0.04986906051635742
0.04310297966003418
0.024044036865234375
0.04362082481384277
0.04256796836853027
0.03879499435424805
0.030137062072753906
0.03989100456237793
0.010857820510864258
0.05802011489868164
0.03591108322143555
0.05245208740234375
0.04192209243774414
0.0317540168762207
0.03686881065368652
0.046398162841796875
0.04262399673461914
0.028803110122680664
0.054464101791381836
0.05440998077392578
0.05735611915588379
0.0435490608215332
0.03299593925476074
0.033416032791137695
0.0488581657409668
0.03259897232055664
0.048187971115112305
0.03664994239807129
0.053262948989868164
0.047512054443359375
0.02898716926574707
0.035347938537597656
0.04613208770751953
0.036459922790527344
0.0734250545501709
0.04500985145568848
0.04132795333862305
0.040354013442993164
0.01267099380493164
0.05962395668029785
0.05262589454650879
0.05584311485290527
0.028046131134033203
0.030399084091186523
0.03175616264343262
0.061196088790893555
0.03144717216491699
0.03228497505187988
0.022547006607055664
0.026077985763549805
0.03962302207946777
0.06209206581115723
0.0418848991394043
0.04194498062133789
0.04068303108215332
0.04206085205078125
0.02634406089782715
0.04932212829589844
0.03551602363586426
0.05217885971069336
0.05179309844970703
0.020168066024780273
0.023624897003173828
0.02720499038696289
0.04167914390563965
0.060044050216674805
0.014019012451171875
0.027344942092895508
0.017678022384643555
0.01814103126525879
0.03405904769897461
0.033396005630493164
0.02336597442626953
0.05662107467651367
0.05416703224182129
0.03464698791503906
0.019569873809814453
0.042778968811035156
0.04233908653259277
0.025313138961791992
0.06491804122924805
0.011327028274536133
0.05752682685852051
0.06004810333251953
0.056173086166381836
0.016638994216918945
0.04166603088378906
0.024495840072631836
0.05461001396179199
0.03292107582092285
0.037345170974731445
0.04606008529663086
0.026649951934814453
0.014859914779663086
0.05058789253234863
0.05706787109375
0.017637968063354492
0.0674750804901123
0.020535945892333984
0.04517698287963867
0.03264284133911133
0.05058717727661133
0.012529134750366211
0.040467023849487305
0.06353306770324707
0.05161595344543457
0.019079208374023438
0.04883599281311035
0.05774712562561035
0.04896903038024902
0.03683304786682129
0.0362238883972168
0.016633033752441406
0.039446115493774414
0.0529940128326416
0.0527491569519043
0.050158023834228516
0.015538215637207031
0.027365922927856445
0.04576706886291504
0.030185222625732422
0.04901695251464844
0.05740690231323242
0.04835391044616699
0.05309605598449707
0.04936981201171875
0.033505916595458984
0.04095602035522461
0.025999069213867188
0.043389081954956055
0.05192089080810547
0.04753899574279785
0.031542062759399414
0.05332684516906738
0.04112696647644043
0.0507659912109375
0.03403902053833008
0.024764060974121094
0.045387983322143555
0.0349578857421875
0.025680065155029297
0.023202180862426758
0.03598308563232422
0.03296184539794922
0.027492046356201172
0.06092977523803711
0.034255027770996094
0.04406094551086426
0.007800102233886719
0.05529189109802246
0.013171195983886719
0.04909396171569824
0.01914691925048828
0.026643991470336914
0.022369861602783203
0.05736207962036133
0.04112720489501953
0.04764604568481445
0.047950029373168945
0.031485795974731445
0.04346799850463867
0.04209494590759277
0.05937790870666504
0.03004002571105957
0.04822897911071777
0.06371188163757324
0.05722188949584961
0.05525398254394531
0.02123117446899414
0.03637504577636719
0.0696558952331543
0.027589082717895508
0.03747892379760742
0.04516911506652832
0.03440380096435547
0.03503608703613281
0.039717912673950195
0.017236948013305664
0.03946113586425781
0.05277204513549805
0.010820865631103516
0.04854393005371094
0.05792689323425293
0.05425095558166504
0.023186922073364258
0.04987001419067383
0.04625415802001953
0.05721616744995117
0.03204607963562012
0.04139304161071777
0.028660058975219727
0.03603720664978027
0.024630069732666016
0.049475908279418945
0.030709028244018555
0.061363935470581055
0.02775096893310547
0.02026200294494629
0.016386985778808594
0.022138118743896484
0.04599881172180176
0.021938085556030273
0.020821094512939453
0.017642974853515625
0.051434993743896484
0.044509172439575195
0.03875088691711426
0.03546786308288574
0.04519796371459961
0.04900193214416504
0.027508974075317383
0.044550180435180664
0.06058096885681152
0.03502202033996582
0.04056096076965332
0.010625839233398438
0.04258990287780762
0.031119823455810547
0.016536951065063477
0.03368091583251953
0.03586697578430176
0.051486968994140625
0.049883127212524414
0.05447983741760254
0.057375192642211914
0.040910959243774414
0.0528719425201416
0.04906201362609863
0.014635086059570312
0.06604719161987305
0.06481814384460449
0.03313398361206055
0.03369903564453125
0.026443004608154297
0.030169963836669922
0.04764986038208008
0.024716854095458984
0.03798413276672363
0.03976798057556152
0.016689062118530273
0.014045000076293945
0.023766040802001953
0.04999804496765137
0.05808687210083008
0.020168066024780273
0.0516200065612793
0.023647069931030273
0.02264094352722168
0.026592016220092773
0.02342510223388672
0.051692962646484375
0.05307197570800781
0.05767202377319336
0.03180885314941406
0.05289411544799805
0.0459589958190918
0.05484485626220703
0.023269176483154297
0.049040794372558594
0.05098605155944824
0.049601078033447266
0.031445980072021484
0.0544581413269043
0.054657936096191406
0.029288053512573242
0.02935504913330078
0.05453991889953613
0.05024385452270508
0.05762004852294922
0.026363134384155273
0.031941890716552734
0.05051898956298828
0.024996042251586914
0.048922061920166016
0.06906604766845703
0.07348513603210449
0.035804033279418945
0.04086184501647949
0.0578150749206543
0.049449920654296875
0.048989057540893555
0.01571512222290039
0.03005218505859375
0.06418800354003906
0.041837215423583984
0.01910400390625
0.0383448600769043
0.05180478096008301
0.04133296012878418
0.031350135803222656
0.03896689414978027
0.028174877166748047
0.03437399864196777
0.017482995986938477
0.0369877815246582
0.04478096961975098
0.02427816390991211
0.007895946502685547
0.011268138885498047
0.02495098114013672
0.054177045822143555
0.05287599563598633
0.03764510154724121
0.01452183723449707
0.043179988861083984
0.04082894325256348
0.033473968505859375
0.0321500301361084
0.04800295829772949
0.05763983726501465
0.05639290809631348
0.04090285301208496
0.027717113494873047
0.053256988525390625
0.018810033798217773
0.03802800178527832
0.04696202278137207
0.01886892318725586
0.03050088882446289
0.03937816619873047
0.05343985557556152
0.05183291435241699
0.03472399711608887
0.04847407341003418
0.049044132232666016
0.032742977142333984
0.034642934799194336
0.05553603172302246
0.023016929626464844
0.03515291213989258
0.034173011779785156
0.03752899169921875
0.05507802963256836
0.04025411605834961
0.061463117599487305
0.02775096893310547
0.025442123413085938
0.03703117370605469
0.020231008529663086
0.032015085220336914
0.026189088821411133
0.014806032180786133
0.0279691219329834
0.030609130859375
0.028593063354492188
0.012189865112304688
0.030230045318603516
0.022990942001342773
