0.03949999809265137
0.033907175064086914
0.014219999313354492
0.05106496810913086
0.02944803237915039
0.06145596504211426
0.06093716621398926
0.028436899185180664
0.0307619571685791
0.043849945068359375
0.056043148040771484
0.03747105598449707
0.03632211685180664
0.03303194046020508
0.04868793487548828
0.046675920486450195
0.027068138122558594
0.05183601379394531
0.053106069564819336
0.03525280952453613
0.05559706687927246
0.028815031051635742
0.03239297866821289
0.025477886199951172
0.033322811126708984
0.041249990463256836
0.015986919403076172
0.061486005783081055
0.03137397766113281
0.030334949493408203
0.054765939712524414
0.05049896240234375
0.051744937896728516
0.025928020477294922
0.04005098342895508
0.016503095626831055
0.034507036209106445
0.04538583755493164
0.05608391761779785
0.03709912300109863
0.026800155639648438
0.023643970489501953
0.037245988845825195
0.024845123291015625
0.04813098907470703
0.04454302787780762
0.0539548397064209
0.0338900089263916
0.040860891342163086
0.05031394958496094
0.04062008857727051
0.04509305953979492
0.02642989158630371
0.05485892295837402
0.05083799362182617
0.035054922103881836
0.05106377601623535
0.034323930740356445
0.022556066513061523
0.02349710464477539
0.040741920471191406
0.7235660552978516
0.010947942733764648
0.051219940185546875
0.04369091987609863
0.02057504653930664
0.04504799842834473
0.049635887145996094
0.039288997650146484
0.04782295227050781
0.054173946380615234
0.03066706657409668
0.052839040756225586
0.039842844009399414
0.024235963821411133
0.05839395523071289
0.03727102279663086
0.02880406379699707
0.05983901023864746
0.048586130142211914
0.02661895751953125
0.03277587890625
0.018448829650878906
0.04601597785949707
0.019726991653442383
0.028002023696899414
0.023476123809814453
0.03820514678955078
0.039855003356933594
0.03877902030944824
0.020048856735229492
0.03175497055053711
0.020019054412841797
0.036090850830078125
0.05031919479370117
0.02234792709350586
0.044551849365234375
0.024644851684570312
0.030833959579467773
0.010429859161376953
0.030354022979736328
0.03553009033203125
0.04175305366516113
0.027187108993530273
0.047976016998291016
0.014819860458374023
0.053173065185546875
0.04906916618347168
0.02631998062133789
0.05117297172546387
0.04975295066833496
0.02678704261779785
0.03971099853515625
0.025362014770507812
0.022427082061767578
0.0666511058807373
0.03669095039367676
0.028218984603881836
0.060546875
0.015040874481201172
0.02309703826904297
0.040292978286743164
0.022127151489257812
0.04545783996582031
0.015126943588256836
0.06817984580993652
0.028750181198120117
0.03900504112243652
0.04524111747741699
0.07296490669250488
0.05434298515319824
0.03151392936706543
0.05102896690368652
0.04941892623901367
0.05676984786987305
0.018717050552368164
0.04318714141845703
0.050228118896484375
0.03283500671386719
0.035974979400634766
0.03440213203430176
0.03617382049560547
0.046341896057128906
0.03649282455444336
0.04075813293457031
0.05062508583068848
0.023421049118041992
0.03477001190185547
0.0230100154876709
0.06187295913696289
0.05422401428222656
0.04921698570251465
0.020600080490112305
0.0411679744720459
0.02412700653076172
0.04963493347167969
0.0499720573425293
0.052883148193359375
0.03260087966918945
0.03323197364807129
0.05495309829711914
0.02809000015258789
0.0490260124206543
0.04325699806213379
0.06147909164428711
0.015943050384521484
0.023641109466552734
0.028007030487060547
0.036051034927368164
0.015178918838500977
0.03789496421813965
0.04998517036437988
0.027278900146484375
0.03813600540161133
0.04379105567932129
0.04507803916931152
0.0489809513092041
0.013572931289672852
0.028366804122924805
0.04139995574951172
0.02222609519958496
0.030020952224731445
0.0535740852355957
0.04437708854675293
0.03453397750854492
0.027843952178955078
0.0319671630859375
0.024992942810058594
0.038848876953125
0.06508088111877441
0.055030107498168945
0.03695988655090332
0.012524127960205078
0.020461082458496094
0.024168014526367188
0.04523515701293945
0.023619890213012695
0.04340100288391113
0.05565190315246582
0.025584936141967773
0.05368185043334961
0.07523202896118164
0.0374298095703125
0.020694971084594727
0.030246973037719727
0.05055689811706543
0.030874967575073242
0.031974077224731445
0.027796030044555664
0.03586697578430176
0.010154008865356445
0.02163410186767578
0.028428077697753906
0.04685091972351074
0.03662681579589844
0.056365966796875
0.023227930068969727
0.03743910789489746
0.049378156661987305
0.03839898109436035
0.029627084732055664
0.0694279670715332
0.05103302001953125
0.04109787940979004
0.01477813720703125
0.043556928634643555
0.03640604019165039
0.044445037841796875
0.007497072219848633
0.016702890396118164
0.049037933349609375
0.0512700080871582
0.04620814323425293
0.056449174880981445
0.020215988159179688
0.014316082000732422
0.04364800453186035
0.05490279197692871
0.02145099639892578
0.03320884704589844
0.04058384895324707
0.03746318817138672
0.05138707160949707
0.02262711524963379
0.03769803047180176
0.04534292221069336
0.02871990203857422
0.0690150260925293
0.025307178497314453
0.032128095626831055
0.03773188591003418
0.05468606948852539
0.019629955291748047
0.04790306091308594
0.04555797576904297
0.023587942123413086
0.030350923538208008
0.0301210880279541
0.05574607849121094
0.03113412857055664
0.04603385925292969
0.04659891128540039
0.014722824096679688
0.045285940170288086
0.05022907257080078
0.04927206039428711
0.04634904861450195
0.05732893943786621
0.046072959899902344
0.04506087303161621
0.02467799186706543
0.04719185829162598
0.05374503135681152
0.017985820770263672
0.03618884086608887
0.04375410079956055
0.0539708137512207
0.028167009353637695
0.016025781631469727
0.022085905075073242
0.04784584045410156
0.05805611610412598
0.04952597618103027
0.022721052169799805
0.02678513526916504
0.030553102493286133
0.03176593780517578
0.05124306678771973
0.0308990478515625
0.06968498229980469
0.024270057678222656
0.02975296974182129
0.031436920166015625
0.044612884521484375
0.026955127716064453
0.049386024475097656
0.03656196594238281
0.03660988807678223
0.015273094177246094
0.03281092643737793
0.049458980560302734
0.06193804740905762
0.04804110527038574
0.030432939529418945
0.04382491111755371
0.05286407470703125
0.05166983604431152
0.025990962982177734
0.036242008209228516
0.022624969482421875
0.025967836380004883
0.05894804000854492
0.017189979553222656
0.02396106719970703
0.020097017288208008
0.023002147674560547
0.03274202346801758
0.02910304069519043
0.0537261962890625
0.057557106018066406
0.02443408966064453
0.024293899536132812
0.0350499153137207
0.04978489875793457
0.040537118911743164
0.04882192611694336
0.04891705513000488
0.022263050079345703
0.047324180603027344
0.03454184532165527
0.04581809043884277
0.03403782844543457
0.046423912048339844
0.043231964111328125
0.009924888610839844
0.018213987350463867
0.05379915237426758
0.0331270694732666
0.015757083892822266
0.026023149490356445
0.03949904441833496
0.03476405143737793
0.016311168670654297
0.02732396125793457
0.035059213638305664
0.053266048431396484
0.02071976661682129
0.046601057052612305
0.039312124252319336
0.04658699035644531
0.06120491027832031
0.03187894821166992
0.06520485877990723
0.0396571159362793
0.06563091278076172
0.023960113525390625
0.034403085708618164
0.014765024185180664
0.04808306694030762
0.03744387626647949
0.05324912071228027
0.05204510688781738
0.035637855529785156
0.06373286247253418
0.029369115829467773
0.04584097862243652
0.05523109436035156
0.05286002159118652
0.06284594535827637
0.07303309440612793
0.039988040924072266
0.014589786529541016
0.03155994415283203
0.05654406547546387
0.023923873901367188
0.046755075454711914
0.021062850952148438
0.018240928649902344
0.025576114654541016
0.026075124740600586
0.036685943603515625
0.03821206092834473
0.07296586036682129
0.045307159423828125
0.06498289108276367
0.029556989669799805
0.03658604621887207
0.03223419189453125
0.050617218017578125
0.0488128662109375
0.051191091537475586
0.04944109916687012
0.03221702575683594
0.024013996124267578
0.04351615905761719
0.03968501091003418
0.05410504341125488
0.04416394233703613
0.022907018661499023
0.0545649528503418
0.022140979766845703
0.0259249210357666
0.053514957427978516
0.03378105163574219
0.03652811050415039
0.036219120025634766
0.0653238296508789
0.04028487205505371
0.05731701850891113
0.04397392272949219
0.05282783508300781
0.025545120239257812
0.019999027252197266
0.04467511177062988
0.02362799644470215
0.02387094497680664
0.03188014030456543
0.037396907806396484
0.0491490364074707
0.02438187599182129
0.05413079261779785
0.03807687759399414
0.03970003128051758
0.033724069595336914
0.028268098831176758
0.020306110382080078
0.02030181884765625
0.030242919921875
0.032765865325927734
0.020490169525146484
0.038836002349853516
0.028448104858398438
0.021462202072143555
0.028131961822509766
0.056854963302612305
0.015686988830566406
0.04600691795349121
0.04639911651611328
0.04140305519104004
0.02027606964111328
0.01748800277709961
0.04725289344787598
0.04655003547668457
0.021209001541137695
0.03285503387451172
0.055650949478149414
0.04968881607055664
0.030386924743652344
0.026287078857421875
0.04931902885437012
0.044138193130493164
0.04676198959350586
0.0348820686340332
0.046176910400390625
0.04611086845397949
0.03818392753601074
0.023236989974975586
0.023804187774658203
0.028129100799560547
0.05094790458679199
0.04694390296936035
0.05194807052612305
0.0484318733215332
0.00594019889831543
0.018825054168701172
0.04464101791381836
0.035745859146118164
0.01476907730102539
0.040757179260253906
0.0531468391418457
0.04728102684020996
0.022877931594848633
0.02804398536682129
0.042433977127075195
0.01807403564453125
0.023078203201293945
0.03009510040283203
0.024333953857421875
0.036705970764160156
0.04693198204040527
0.027192115783691406
0.030245065689086914
0.04883694648742676
0.031965017318725586
0.023454904556274414
0.040409088134765625
0.05994391441345215
0.022049903869628906
0.05085396766662598
0.02026200294494629
0.0158541202545166
0.022274017333984375
0.01944112777709961
0.03855490684509277
0.05867910385131836
0.03477311134338379
0.05227398872375488
0.015816926956176758
0.05178403854370117
0.03753495216369629
0.053334951400756836
0.054135799407958984
0.02196192741394043
0.04036688804626465
0.03735995292663574
0.05334281921386719
0.044953107833862305
0.016647815704345703
0.025599002838134766
0.0376741886138916
0.031003952026367188
0.03934884071350098
0.07151603698730469
0.041357994079589844
0.05010199546813965
0.04814004898071289
0.02883315086364746
0.01791095733642578
0.031466007232666016
0.038320064544677734
0.03076004981994629
0.052922964096069336
0.022467851638793945
0.03905296325683594
0.05047297477722168
0.037780046463012695
0.06478095054626465
0.04251909255981445
0.044920921325683594
0.0351109504699707
0.03921198844909668
0.022522926330566406
0.05074906349182129
0.03671383857727051
0.040593862533569336
0.024946928024291992
0.042143821716308594
0.034285783767700195
0.03210592269897461
0.011198997497558594
0.024751901626586914
0.048499107360839844
0.04981398582458496
0.0636749267578125
0.020613908767700195
0.05689191818237305
0.017966032028198242
0.01040196418762207
0.04872703552246094
0.04190397262573242
0.03598284721374512
0.049736976623535156
0.05983400344848633
0.06194114685058594
0.01505899429321289
0.03196907043457031
0.02898097038269043
0.038513898849487305
0.01645207405090332
0.03089284896850586
0.04470205307006836
0.024770021438598633
0.040606021881103516
0.020602941513061523
0.016664981842041016
0.03572797775268555
0.04594898223876953
0.028229951858520508
0.053668975830078125
0.058036088943481445
0.04170417785644531
0.020087003707885742
0.020174026489257812
0.05455899238586426
0.018039226531982422
0.07130098342895508
0.04328179359436035
0.049111127853393555
0.045044898986816406
0.03449392318725586
0.0360109806060791
0.042101144790649414
0.019415855407714844
0.04213309288024902
0.025942087173461914
0.04022502899169922
0.0461881160736084
0.06326580047607422
0.030087947845458984
0.024348974227905273
0.049008846282958984
0.035967111587524414
0.03190302848815918
0.03972911834716797
0.022810935974121094
0.00705718994140625
0.0355219841003418
0.03663206100463867
0.037255048751831055
0.021981000900268555
