0.02196502685546875
0.04752206802368164
0.05360221862792969
0.04150700569152832
0.027764081954956055
0.05643415451049805
0.04557609558105469
0.036984920501708984
0.05516314506530762
0.02890300750732422
0.04194808006286621
0.03246283531188965
0.04071307182312012
0.03152179718017578
0.00730586051940918
0.03258013725280762
0.024755001068115234
0.026340007781982422
0.06061291694641113
0.059699058532714844
0.0568850040435791
0.038546085357666016
0.03025078773498535
0.024142026901245117
0.02429795265197754
0.03135395050048828
0.01584005355834961
0.03061509132385254
0.016129016876220703
0.030838966369628906
0.021844148635864258
0.04000592231750488
0.011749029159545898
0.05380702018737793
0.04194211959838867
0.04613804817199707
0.06557583808898926
0.04325985908508301
0.014562129974365234
0.036775827407836914
0.020376920700073242
0.0558319091796875
0.055809974670410156
0.05418586730957031
0.016750097274780273
0.046974897384643555
0.05766010284423828
0.037077903747558594
0.029404878616333008
0.05689406394958496
0.059844017028808594
0.03989720344543457
0.0447540283203125
0.05758309364318848
0.029371023178100586
0.07313895225524902
0.0517120361328125
0.04068303108215332
0.06169414520263672
0.05616307258605957
0.03692507743835449
0.019807100296020508
0.016286134719848633
0.026447057723999023
0.025781869888305664
0.0457148551940918
0.050498008728027344
0.03599190711975098
0.04552006721496582
0.05261802673339844
0.048879146575927734
0.06990599632263184
0.07632684707641602
0.022597074508666992
0.04385709762573242
0.049664974212646484
0.05705690383911133
0.06918120384216309
0.043704986572265625
0.07702517509460449
0.052880048751831055
0.06178998947143555
0.08532285690307617
0.022780895233154297
0.021506071090698242
0.022877931594848633
0.04595017433166504
0.05745196342468262
0.04438304901123047
0.04367995262145996
0.020186901092529297
0.04779696464538574
0.019595861434936523
0.03466391563415527
0.028153181076049805
0.021255016326904297
0.0224459171295166
0.03613018989562988
0.04715704917907715
0.02029895782470703
0.020627975463867188
0.034715890884399414
0.024132966995239258
0.03509688377380371
0.02670598030090332
0.045655012130737305
0.045916080474853516
0.01982903480529785
0.014252901077270508
0.04087710380554199
0.048905134201049805
0.028873920440673828
0.051687002182006836
0.03819704055786133
0.06559014320373535
0.03731894493103027
0.0479741096496582
0.04395604133605957
0.05937981605529785
0.025440216064453125
0.0193631649017334
0.04386615753173828
0.0371098518371582
0.03510785102844238
0.023667097091674805
0.02702784538269043
0.025743961334228516
0.016170024871826172
0.022291898727416992
0.049263954162597656
0.032884836196899414
0.03608083724975586
0.04911088943481445
0.04482221603393555
0.05760002136230469
0.023751020431518555
0.030864953994750977
0.04565882682800293
0.05873703956604004
0.01936483383178711
0.033530235290527344
0.04538607597351074
0.02649998664855957
0.021657943725585938
0.04673600196838379
0.02424001693725586
0.02710700035095215
0.025564193725585938
0.0402369499206543
0.022615909576416016
0.039964914321899414
0.03649306297302246
0.04591679573059082
0.038170814514160156
0.040248870849609375
0.03067493438720703
0.054589033126831055
0.05360603332519531
0.04485297203063965
0.007945060729980469
0.056053876876831055
0.0306549072265625
0.03306889533996582
0.0400240421295166
0.03435111045837402
0.04322004318237305
0.02278280258178711
0.05277585983276367
0.04882693290710449
0.05329704284667969
0.03664803504943848
0.05419206619262695
0.02914714813232422
0.043701887130737305
0.0536799430847168
0.05575990676879883
0.058754920959472656
0.04612588882446289
0.014014005661010742
0.044219970703125
0.011868000030517578
0.04608798027038574
0.04154515266418457
0.04343700408935547
0.05742287635803223
0.029968976974487305
0.01480412483215332
0.05500316619873047
0.04140305519104004
0.05195283889770508
0.04399585723876953
0.050338029861450195
0.016522884368896484
0.05185198783874512
0.03140902519226074
0.04572010040283203
0.03240394592285156
0.04401588439941406
0.05482292175292969
0.028508901596069336
0.0326390266418457
0.032444000244140625
0.02216506004333496
0.028048992156982422
0.05236697196960449
0.038012027740478516
0.027781009674072266
0.035794973373413086
0.03173112869262695
0.0411989688873291
0.032364845275878906
0.05332016944885254
0.053138017654418945
0.04591107368469238
0.045983076095581055
0.045248985290527344
0.03964805603027344
0.01634502410888672
0.052906036376953125
0.02722907066345215
0.06197786331176758
0.02304697036743164
0.02556300163269043
0.040940046310424805
0.03210878372192383
0.04706716537475586
0.03400897979736328
0.02567005157470703
0.03679394721984863
0.03588104248046875
0.050897836685180664
0.03466606140136719
0.03458809852600098
0.052861928939819336
0.05468106269836426
0.03080606460571289
0.033451080322265625
0.017611026763916016
0.017359018325805664
0.03328680992126465
0.03654289245605469
0.0370481014251709
0.06314611434936523
0.05248594284057617
0.028645038604736328
0.01963186264038086
0.0495760440826416
0.021992206573486328
0.06027793884277344
0.04198718070983887
0.02246999740600586
0.01270294189453125
0.01477503776550293
0.02876901626586914
0.031533002853393555
0.022207021713256836
0.013148069381713867
0.012670040130615234
0.03724217414855957
0.06087088584899902
0.030910968780517578
0.017735004425048828
0.04494810104370117
0.03970909118652344
0.0286710262298584
0.020982027053833008
0.040585994720458984
0.036830902099609375
0.03109598159790039
0.047953128814697266
0.04527997970581055
0.05202198028564453
0.02277088165283203
0.04359006881713867
0.023181915283203125
0.02472090721130371
0.03975081443786621
0.05012702941894531
0.03922295570373535
0.024708986282348633
0.040643930435180664
0.036839962005615234
0.023704051971435547
0.03065013885498047
0.05249595642089844
0.0510401725769043
0.022638797760009766
0.04260087013244629
0.03803896903991699
0.05250287055969238
0.05017805099487305
0.04938197135925293
0.042040109634399414
0.028276920318603516
0.01839303970336914
0.02855205535888672
0.015431880950927734
0.02752995491027832
0.053559064865112305
0.046112060546875
0.04434704780578613
0.02628493309020996
0.01979804039001465
0.03273797035217285
0.023594141006469727
0.021733999252319336
0.0594332218170166
0.047287940979003906
0.01038503646850586
0.015434980392456055
0.052217960357666016
0.040487051010131836
0.06452703475952148
0.04558706283569336
0.03741812705993652
0.02424907684326172
0.06999802589416504
0.02674698829650879
0.0390779972076416
0.04916810989379883
0.020318984985351562
0.04006600379943848
0.030792951583862305
0.029419898986816406
0.02699589729309082
0.030736207962036133
0.03998398780822754
0.03559684753417969
0.054934024810791016
0.019381999969482422
0.04112386703491211
0.027377843856811523
0.04500603675842285
0.026070833206176758
0.057480812072753906
0.024333953857421875
0.06897783279418945
0.03148007392883301
0.019309043884277344
0.013782978057861328
0.016729116439819336
0.04764699935913086
0.04645204544067383
0.07361602783203125
0.061322927474975586
0.050850868225097656
0.049922943115234375
0.03790903091430664
0.02512502670288086
0.014211177825927734
0.03956413269042969
0.01793193817138672
0.05124998092651367
0.04929614067077637
0.047712087631225586
0.04564499855041504
0.06415700912475586
0.03136610984802246
0.04255509376525879
0.054167985916137695
0.02756786346435547
0.017993927001953125
0.037719011306762695
0.019984006881713867
0.042790889739990234
0.021795034408569336
0.05085611343383789
0.02204298973083496
0.03617501258850098
0.0443270206451416
0.019011974334716797
0.021800994873046875
0.06092190742492676
0.04934096336364746
0.04755687713623047
0.031575918197631836
0.060220956802368164
0.015871047973632812
0.04362297058105469
0.03115105628967285
0.046051025390625
0.06053590774536133
0.0467839241027832
0.030910968780517578
0.048670053482055664
0.03812384605407715
0.03036189079284668
0.03864002227783203
0.021679162979125977
0.0504300594329834
0.04009699821472168
0.046495914459228516
0.046205997467041016
0.020156145095825195
0.03466296195983887
0.05626678466796875
0.03486990928649902
0.04666304588317871
0.03631997108459473
0.02732682228088379
0.03144979476928711
0.03588414192199707
0.023706912994384766
0.05110979080200195
0.04516005516052246
0.013834953308105469
0.038925886154174805
0.03313398361206055
0.026510000228881836
0.033493995666503906
0.00604701042175293
0.04684805870056152
0.047821998596191406
0.05074501037597656
0.04028010368347168
0.027482032775878906
0.0313720703125
0.040174007415771484
0.04749488830566406
0.03146696090698242
0.03940701484680176
0.02915501594543457
0.03980112075805664
0.04244399070739746
0.035635948181152344
0.032156944274902344
0.037878990173339844
0.033486127853393555
0.030694961547851562
0.02006387710571289
0.04950118064880371
0.031710147857666016
0.03967404365539551
0.04216504096984863
0.03357696533203125
0.033724069595336914
0.04580497741699219
0.016010046005249023
0.02762603759765625
0.014638185501098633
0.023295164108276367
0.031481027603149414
0.02862381935119629
0.055062055587768555
0.053192138671875
0.049189090728759766
0.05198812484741211
0.009616851806640625
0.041769981384277344
0.024029970169067383
0.022480010986328125
0.05628609657287598
0.026287078857421875
0.03665590286254883
0.0313720703125
0.04884696006774902
0.03771495819091797
0.0652310848236084
0.012666940689086914
0.055715084075927734
0.030390024185180664
0.029906034469604492
0.014492988586425781
0.05285501480102539
0.043344974517822266
0.00999593734741211
0.013530969619750977
0.028957843780517578
0.045977115631103516
0.03409409523010254
0.02198505401611328
0.053785085678100586
0.05459785461425781
0.03193306922912598
0.025536060333251953
0.05768394470214844
0.049787044525146484
0.05681204795837402
0.034316062927246094
0.01334691047668457
0.04408001899719238
0.03522682189941406
0.04904294013977051
0.02872610092163086
0.031419992446899414
0.024306058883666992
0.047959089279174805
0.020674943923950195
0.0343320369720459
0.01090693473815918
0.039489030838012695
0.04000210762023926
0.03645014762878418
0.03234100341796875
0.03724813461303711
0.013759851455688477
0.054859161376953125
0.04742288589477539
0.018915176391601562
0.028087854385375977
0.03427720069885254
0.045243024826049805
0.03734111785888672
0.05625009536743164
0.01556086540222168
0.03905797004699707
0.038436174392700195
0.029739856719970703
0.07135677337646484
0.05269002914428711
0.0206451416015625
0.04958200454711914
0.027801990509033203
0.023843050003051758
0.03219199180603027
0.0411229133605957
0.02858281135559082
0.05461692810058594
0.05449414253234863
0.04406905174255371
0.02942681312561035
0.05486106872558594
0.029367923736572266
0.05351591110229492
0.07298016548156738
0.023426055908203125
0.02853703498840332
0.014929056167602539
0.053933143615722656
0.061492919921875
0.022426128387451172
0.051670074462890625
0.04770493507385254
0.03686785697937012
0.06365299224853516
0.04577302932739258
0.0754079818725586
0.05549311637878418
0.019355058670043945
0.0186920166015625
0.044448137283325195
0.01978278160095215
0.05802583694458008
0.032624006271362305
0.06106305122375488
0.02777409553527832
0.049616098403930664
0.05312013626098633
0.024496793746948242
0.05755209922790527
0.026263952255249023
0.05350780487060547
0.046983957290649414
0.05905604362487793
0.044966936111450195
0.045166969299316406
0.024654865264892578
0.02401590347290039
0.023782968521118164
0.030659914016723633
0.04655313491821289
0.04551410675048828
0.054936885833740234
0.01137399673461914
0.020404815673828125
0.06484293937683105
0.05110001564025879
0.03706097602844238
0.02040410041809082
0.06115889549255371
0.05390810966491699
0.04502511024475098
0.032846927642822266
0.039215087890625
0.04583001136779785
0.034716129302978516
0.0491640567779541
0.017061948776245117
0.0569150447845459
0.029592037200927734
0.03924202919006348
0.04531598091125488
0.03690791130065918
0.03744006156921387
0.05689287185668945
0.016290903091430664
0.03647804260253906
0.060350894927978516
0.03958415985107422
0.02888011932373047
0.04096698760986328
0.028247833251953125
0.07360100746154785
0.03930997848510742
0.04731893539428711
0.02089095115661621
0.045506954193115234
0.01945805549621582
0.029443979263305664
0.06139492988586426
