0.054843902587890625
0.05119800567626953
0.03592205047607422
0.04298591613769531
0.029757976531982422
0.027434110641479492
0.03230595588684082
0.030003070831298828
0.03834390640258789
0.05159902572631836
0.03514814376831055
0.02107405662536621
0.032675981521606445
0.05286407470703125
0.04433608055114746
0.020589113235473633
0.0553889274597168
0.020893096923828125
0.025837182998657227
0.00549006462097168
0.03740382194519043
0.027659893035888672
0.010287046432495117
0.030483007431030273
0.0242919921875
0.037780046463012695
0.04756903648376465
0.02192211151123047
0.061869144439697266
0.03457188606262207
0.038513898849487305
0.03202009201049805
0.014189958572387695
0.06566500663757324
0.05801892280578613
0.027280092239379883
0.016453027725219727
0.038314104080200195
0.04534196853637695
0.03786611557006836
0.03107309341430664
0.024663925170898438
0.054234981536865234
0.06321597099304199
0.03048396110534668
0.02013111114501953
0.05091691017150879
0.024092912673950195
0.04571795463562012
0.040930986404418945
0.05311417579650879
0.03670310974121094
0.06495904922485352
0.031204938888549805
0.04588198661804199
0.021486997604370117
0.049095869064331055
0.030523061752319336
0.04507112503051758
0.014760017395019531
0.041651010513305664
0.026808977127075195
0.012249946594238281
0.03745603561401367
0.049736976623535156
0.0467379093170166
0.050390005111694336
0.04419708251953125
0.05939006805419922
0.04282498359680176
0.039201974868774414
0.03068709373474121
0.05855393409729004
0.04668378829956055
0.03729891777038574
0.04067683219909668
0.04558110237121582
0.061467885971069336
0.05321502685546875
0.022623062133789062
0.05376291275024414
0.05531787872314453
0.0423741340637207
0.05717206001281738
0.03755521774291992
0.04195094108581543
0.06327581405639648
0.031855106353759766
0.014079809188842773
0.041075944900512695
0.016405820846557617
0.05877399444580078
0.05070900917053223
0.04526996612548828
0.034384965896606445
0.02018117904663086
0.020447969436645508
0.031614065170288086
0.05921292304992676
0.038908958435058594
0.049160003662109375
0.06707310676574707
0.0328669548034668
0.0492551326751709
0.05415606498718262
0.014706134796142578
0.0546870231628418
0.0557100772857666
0.055822134017944336
0.05097603797912598
0.05638289451599121
0.02832794189453125
0.024363994598388672
0.029124975204467773
0.03482198715209961
0.01359701156616211
0.040280818939208984
0.04233694076538086
0.029680967330932617
0.022456884384155273
0.04092907905578613
0.01485300064086914
0.03401589393615723
0.02031707763671875
0.04563283920288086
0.024093151092529297
0.055207014083862305
0.03443288803100586
0.032814979553222656
0.047483205795288086
0.024508953094482422
0.024619102478027344
0.05754208564758301
0.0229489803314209
0.04768705368041992
0.044319868087768555
0.02053380012512207
0.03369498252868652
0.02907395362854004
0.03530693054199219
0.03121495246887207
0.06085395812988281
0.044966936111450195
0.038069963455200195
0.034574031829833984
0.042591094970703125
0.03199291229248047
0.02461099624633789
0.049060821533203125
0.04465079307556152
0.033720970153808594
0.02740311622619629
0.044120073318481445
0.034227848052978516
0.04905390739440918
0.05156588554382324
0.014439105987548828
0.05360913276672363
0.049408912658691406
0.05122709274291992
0.018501996994018555
0.03365898132324219
0.05272197723388672
0.02946615219116211
0.02283501625061035
0.025243043899536133
0.0272369384765625
0.04804801940917969
0.024712085723876953
0.04547905921936035
0.007896184921264648
0.025750160217285156
0.02507305145263672
0.03943896293640137
0.049540042877197266
0.04539895057678223
0.0286710262298584
0.034915924072265625
0.05530190467834473
0.046887874603271484
0.04076695442199707
0.034970998764038086
0.058027029037475586
0.04864001274108887
0.03370809555053711
0.04446887969970703
0.040419816970825195
0.03837084770202637
0.03473997116088867
0.015858173370361328
0.04175710678100586
0.034219980239868164
0.016157865524291992
0.040986061096191406
0.030550003051757812
0.015902996063232422
0.03856205940246582
0.020401954650878906
0.022649049758911133
0.06138896942138672
0.03231191635131836
0.03998708724975586
0.02854299545288086
0.04154801368713379
0.015858173370361328
0.04955887794494629
0.04076194763183594
0.022029876708984375
0.04195213317871094
0.026402950286865234
0.026733875274658203
0.006181001663208008
0.014409065246582031
0.022524118423461914
0.01739192008972168
0.03323006629943848
0.02848196029663086
0.0464780330657959
0.0317537784576416
0.0376429557800293
0.034703969955444336
0.02779412269592285
0.05320000648498535
0.051156044006347656
0.03468918800354004
0.04129385948181152
0.0598139762878418
0.05155491828918457
0.040277957916259766
0.03604912757873535
0.0404200553894043
0.022476911544799805
0.06471705436706543
0.04275083541870117
0.05846714973449707
0.018486976623535156
0.05046200752258301
0.024286985397338867
0.04890108108520508
0.032670021057128906
0.023413896560668945
0.0435330867767334
0.05085277557373047
0.042372941970825195
0.023429155349731445
0.025866031646728516
0.06513619422912598
0.04678487777709961
0.033431053161621094
0.0064089298248291016
0.04878687858581543
0.05569911003112793
0.034928083419799805
0.06171703338623047
0.054110050201416016
0.04948902130126953
0.025403976440429688
0.044686079025268555
0.03411602973937988
0.03525900840759277
0.027128934860229492
0.05530691146850586
0.07695508003234863
0.03659987449645996
0.053540945053100586
0.042578935623168945
0.03983592987060547
0.050382137298583984
0.04019808769226074
0.05701804161071777
0.03572201728820801
0.03991818428039551
0.029803991317749023
0.012463092803955078
0.04736495018005371
0.03249406814575195
0.04366493225097656
0.008939027786254883
0.05475902557373047
0.024161815643310547
0.06706094741821289
0.06414508819580078
0.01608586311340332
0.02599501609802246
0.05072498321533203
0.04175519943237305
0.04892992973327637
0.03292083740234375
0.03820395469665527
0.014286994934082031
0.021709918975830078
0.04667806625366211
0.019381046295166016
0.019078969955444336
0.008495092391967773
0.052423954010009766
0.05382800102233887
0.06909704208374023
0.05978894233703613
0.018806934356689453
0.047579050064086914
0.04114484786987305
0.05341601371765137
0.03355717658996582
0.0318608283996582
0.04319620132446289
0.03273892402648926
0.04010891914367676
0.06084799766540527
0.029118061065673828
0.040471792221069336
0.047734975814819336
0.0238649845123291
0.031929969787597656
0.022710084915161133
0.04913592338562012
0.03294801712036133
0.05238604545593262
0.04581809043884277
0.041085004806518555
0.019321918487548828
0.04850888252258301
0.029716014862060547
0.04768705368041992
0.045181989669799805
0.040812015533447266
0.016360044479370117
0.0473630428314209
0.020955801010131836
0.05424690246582031
0.040266990661621094
0.041853904724121094
0.04811406135559082
0.05424189567565918
0.04154181480407715
0.04395008087158203
0.030109167098999023
0.0379641056060791
0.039443016052246094
0.038752079010009766
0.0198061466217041
0.044795989990234375
0.03111410140991211
0.03774619102478027
0.0417330265045166
0.05054616928100586
0.04717111587524414
0.03505396842956543
0.04147005081176758
0.057994842529296875
0.04301905632019043
0.026070117950439453
0.05786299705505371
0.04678702354431152
0.029870033264160156
0.03298807144165039
0.050965070724487305
0.020331859588623047
0.05350804328918457
0.04897880554199219
0.04113888740539551
0.030915021896362305
0.04863786697387695
0.033431053161621094
0.026993989944458008
0.022294044494628906
0.028636932373046875
0.07712411880493164
0.017300128936767578
0.03478121757507324
0.02978205680847168
0.024775981903076172
0.06174182891845703
0.02173304557800293
0.031095027923583984
0.03749203681945801
0.015111923217773438
0.057392120361328125
0.06273508071899414
0.04673004150390625
0.042680978775024414
0.04510998725891113
0.05250215530395508
0.030987024307250977
0.035775184631347656
0.054162025451660156
0.031191110610961914
0.052993059158325195
0.04152178764343262
0.03132295608520508
0.06949520111083984
0.054978132247924805
0.04453611373901367
0.04861092567443848
0.02312302589416504
0.030879974365234375
0.013487815856933594
0.05747199058532715
0.046946048736572266
0.04507112503051758
0.05079388618469238
0.04906415939331055
0.03646516799926758
0.030503034591674805
0.039734840393066406
0.04723000526428223
0.03183412551879883
0.0511019229888916
0.014004945755004883
0.015000104904174805
0.04489707946777344
0.04014706611633301
0.022282838821411133
0.05436897277832031
0.03988289833068848
0.043779850006103516
0.03507399559020996
0.05176496505737305
0.03649187088012695
0.028940916061401367
0.025488853454589844
0.04624295234680176
0.01997995376586914
0.07516717910766602
0.05366206169128418
0.03919196128845215
0.03491806983947754
0.01544189453125
0.04587197303771973
0.012567996978759766
0.043251991271972656
0.014623880386352539
0.0327601432800293
0.049807071685791016
0.0518641471862793
0.02881598472595215
0.037058115005493164
0.04433393478393555
0.04091906547546387
0.04587411880493164
0.04657483100891113
0.06090712547302246
0.027111053466796875
0.02797985076904297
0.02336907386779785
0.030219078063964844
0.02338695526123047
0.015932083129882812
0.048722028732299805
0.05392813682556152
0.03030705451965332
0.06185507774353027
0.02393484115600586
0.024279117584228516
0.022584915161132812
0.027790069580078125
0.05297994613647461
0.03728818893432617
0.023225069046020508
0.021697044372558594
0.05263113975524902
0.010570049285888672
0.0641169548034668
0.0532069206237793
0.055871009826660156
0.013557910919189453
0.026382923126220703
0.0655210018157959
0.012384891510009766
0.03762316703796387
0.05728602409362793
0.034440040588378906
0.06915998458862305
0.04732799530029297
0.031219005584716797
0.04203510284423828
0.03456902503967285
0.027992963790893555
0.05596280097961426
0.031681060791015625
0.05749702453613281
0.04238486289978027
0.03788495063781738
0.046896934509277344
0.05304884910583496
0.053053855895996094
0.054167985916137695
0.031916141510009766
0.03420090675354004
0.0506899356842041
0.037290096282958984
0.03639101982116699
0.03626608848571777
0.05256199836730957
0.043168067932128906
0.06730294227600098
0.03436088562011719
0.012251138687133789
0.0576329231262207
0.04528307914733887
0.05323600769042969
0.04786419868469238
0.05359506607055664
0.05274200439453125
0.05585503578186035
0.04786419868469238
0.009433984756469727
0.02808094024658203
0.024585962295532227
0.028116226196289062
0.0530698299407959
0.018620967864990234
0.051650047302246094
0.062319040298461914
0.05054187774658203
0.06124401092529297
0.04287600517272949
0.018555164337158203
0.03456592559814453
0.031108856201171875
0.041348934173583984
0.04799795150756836
0.03487396240234375
0.02437901496887207
0.028470993041992188
0.05367398262023926
0.020035982131958008
0.023782014846801758
0.034165143966674805
0.034935951232910156
0.02156996726989746
0.02974700927734375
0.02157902717590332
0.02520012855529785
0.05531883239746094
0.05033612251281738
0.058450937271118164
0.009185075759887695
0.05809211730957031
0.05306100845336914
0.04024314880371094
0.02718186378479004
0.05574989318847656
0.007750988006591797
0.03297901153564453
0.04953193664550781
0.025370121002197266
0.04759407043457031
0.02262592315673828
0.013528108596801758
0.03237414360046387
0.05396890640258789
0.04561614990234375
0.013889074325561523
0.05077004432678223
0.04894399642944336
0.0322270393371582
0.03443598747253418
0.042038917541503906
0.029844999313354492
0.013997077941894531
0.023628950119018555
0.03575491905212402
0.05675101280212402
0.022571802139282227
0.033509016036987305
0.023971080780029297
0.028182029724121094
0.023153066635131836
0.0507960319519043
0.011770963668823242
0.020986080169677734
0.056379079818725586
0.013440132141113281
0.02121281623840332
0.01510000228881836
0.07104301452636719
0.03572988510131836
0.04718494415283203
0.01955890655517578
0.04805612564086914
0.04553389549255371
0.028371095657348633
0.054184913635253906
0.020431995391845703
0.05696606636047363
0.05116105079650879
0.014824867248535156
0.007697105407714844
0.015249013900756836
0.054594993591308594
0.04387712478637695
0.04017901420593262
0.017082929611206055
0.045042991638183594
0.018954992294311523
0.03692007064819336
0.022330045700073242
0.03255796432495117
0.014621973037719727
