0.04484295845031738
0.035028934478759766
0.023512840270996094
0.03622913360595703
0.04413294792175293
0.0563511848449707
0.015006065368652344
0.050885915756225586
0.04733896255493164
0.03432893753051758
0.03850197792053223
0.0324091911315918
0.04481101036071777
0.03197598457336426
0.04477190971374512
0.06927704811096191
0.054779052734375
0.03554701805114746
0.04664206504821777
0.05771589279174805
0.04072093963623047
0.0492250919342041
0.06415510177612305
0.017184972763061523
0.06183600425720215
0.06145906448364258
0.02332782745361328
0.016530990600585938
0.03301191329956055
0.07119894027709961
0.0464320182800293
0.0177609920501709
0.041320085525512695
0.0554351806640625
0.04221200942993164
0.026923179626464844
0.04901885986328125
0.059107065200805664
0.04865097999572754
0.05962085723876953
0.045432090759277344
0.025155067443847656
0.05000901222229004
0.010709047317504883
0.02513599395751953
0.05113506317138672
0.05069088935852051
0.03615617752075195
0.06528210639953613
0.026319026947021484
0.04712390899658203
0.03378605842590332
0.02717900276184082
0.01694202423095703
0.033297061920166016
0.02796316146850586
0.0426640510559082
0.032894134521484375
0.01447296142578125
0.011874914169311523
0.03759193420410156
0.03227591514587402
0.02444601058959961
0.04407501220703125
0.04314899444580078
0.020457029342651367
0.012561798095703125
0.05146002769470215
0.05047607421875
0.060910940170288086
0.033885955810546875
0.016270875930786133
0.047686100006103516
0.04636096954345703
0.05005002021789551
0.03148388862609863
0.04500293731689453
0.047512054443359375
0.03403210639953613
0.03645777702331543
0.0517270565032959
0.049800872802734375
0.04065299034118652
0.035639047622680664
0.02264690399169922
0.026157855987548828
0.023867130279541016
0.0452730655670166
0.026890993118286133
0.051759958267211914
0.0628509521484375
0.03750181198120117
0.04097294807434082
0.0733339786529541
0.04766488075256348
0.02056097984313965
0.03367495536804199
0.021226167678833008
0.036325931549072266
0.03127288818359375
0.026443958282470703
0.055760860443115234
0.021605968475341797
0.029673099517822266
0.027688026428222656
0.04071617126464844
0.024593114852905273
0.025628089904785156
0.02944493293762207
0.04133009910583496
0.036216020584106445
0.03130507469177246
0.04399609565734863
0.025542020797729492
0.037754058837890625
0.026198863983154297
0.013672113418579102
0.03682088851928711
0.030836820602416992
0.02357006072998047
0.05294489860534668
0.04700779914855957
0.03186202049255371
0.05030488967895508
0.07167816162109375
0.039511919021606445
0.023103952407836914
0.04076504707336426
0.0647740364074707
0.053195953369140625
0.04136300086975098
0.06011605262756348
0.02654409408569336
0.018940210342407227
0.0465390682220459
0.04912996292114258
0.05649113655090332
0.024066925048828125
0.049978017807006836
0.030061960220336914
0.027865171432495117
0.04237103462219238
0.03451800346374512
0.047308921813964844
0.010133028030395508
0.0307769775390625
0.018774986267089844
0.037798166275024414
0.03767800331115723
0.03802895545959473
0.030093908309936523
0.048861026763916016
0.017940998077392578
0.03464388847351074
0.016460180282592773
0.025259971618652344
0.03778409957885742
0.016093969345092773
0.03789877891540527
0.05287814140319824
0.037998199462890625
0.058866024017333984
0.05401206016540527
0.04344511032104492
0.05310702323913574
0.01626896858215332
0.029240131378173828
0.015350103378295898
0.054676055908203125
0.027924060821533203
0.022958040237426758
0.0242919921875
0.03606295585632324
0.04890894889831543
0.01147603988647461
0.05682206153869629
0.04157400131225586
0.04462790489196777
0.02921295166015625
0.03728294372558594
0.024570941925048828
0.045478105545043945
0.05602407455444336
0.06269407272338867
0.054083824157714844
0.054849863052368164
0.04831409454345703
0.03784799575805664
0.03096604347229004
0.020274877548217773
0.05359005928039551
0.029658079147338867
0.047093868255615234
0.050582170486450195
0.0183718204498291
0.03668689727783203
0.01858806610107422
0.020412921905517578
0.056513071060180664
0.030137062072753906
0.029799938201904297
0.04142403602600098
0.022803068161010742
0.031638145446777344
0.046627044677734375
0.04395294189453125
0.03416705131530762
0.03997302055358887
0.029826879501342773
0.05730605125427246
0.04047417640686035
0.041214942932128906
0.03802299499511719
0.041555166244506836
0.045166969299316406
0.030571937561035156
0.058441877365112305
0.03275799751281738
0.016347885131835938
0.030220985412597656
0.02855992317199707
0.029196977615356445
0.054679155349731445
0.03648805618286133
0.03139305114746094
0.039659976959228516
0.06542396545410156
0.04108691215515137
0.03213214874267578
0.032853126525878906
0.03211188316345215
0.03263497352600098
0.04975485801696777
0.03686094284057617
0.03780698776245117
0.03626608848571777
0.0232088565826416
0.02828502655029297
0.022176027297973633
0.04393601417541504
0.056227922439575195
0.027888059616088867
0.0500941276550293
0.03985786437988281
0.03456401824951172
0.0548708438873291
0.057981014251708984
0.02688884735107422
0.028851032257080078
0.055425167083740234
0.049680233001708984
0.03202509880065918
0.053555965423583984
0.013909101486206055
0.05204200744628906
0.05233192443847656
0.037358999252319336
0.05007195472717285
0.023274898529052734
0.0428621768951416
0.05189800262451172
0.054939985275268555
0.04233694076538086
0.04543304443359375
0.028328895568847656
0.03518199920654297
0.03308391571044922
0.04134798049926758
0.028678178787231445
0.05160713195800781
0.029633045196533203
0.061096906661987305
0.03201699256896973
0.03351092338562012
0.07566404342651367
0.04281210899353027
0.05314993858337402
0.06125998497009277
0.06904196739196777
0.02941298484802246
0.06825995445251465
0.023802995681762695
0.055033206939697266
0.05704498291015625
0.030544042587280273
0.0353391170501709
0.03340506553649902
0.015002965927124023
0.016935110092163086
0.04473090171813965
0.010595083236694336
0.026567935943603516
0.020658016204833984
0.05779218673706055
0.04271292686462402
0.017207860946655273
0.05638003349304199
0.030391931533813477
0.045430898666381836
0.01999688148498535
0.058062076568603516
0.027977943420410156
0.032913923263549805
0.011294841766357422
0.02975606918334961
0.06664800643920898
0.0092010498046875
0.05743098258972168
0.07127809524536133
0.06203007698059082
0.03723788261413574
0.02285289764404297
0.05414390563964844
0.04564499855041504
0.03759479522705078
0.04085111618041992
0.07542705535888672
0.05625200271606445
0.05336308479309082
0.04713320732116699
0.027515888214111328
0.03560686111450195
0.024013996124267578
0.02166008949279785
0.058737993240356445
0.031336069107055664
0.058667898178100586
0.019551992416381836
0.05487990379333496
0.06545400619506836
0.03496193885803223
0.030620098114013672
0.036112070083618164
0.046196937561035156
0.03456902503967285
0.04993391036987305
0.030599117279052734
0.06511712074279785
0.0553441047668457
0.011065006256103516
0.029494047164916992
0.03648996353149414
0.055938005447387695
0.04633498191833496
0.06571197509765625
0.05750298500061035
0.0532989501953125
0.05037498474121094
0.04439592361450195
0.05863809585571289
0.04857206344604492
0.016452789306640625
0.0326390266418457
0.026320934295654297
0.03938102722167969
0.05333709716796875
0.017362117767333984
0.0490260124206543
0.06136608123779297
0.027935028076171875
0.03839898109436035
0.03215384483337402
0.048393964767456055
0.04479098320007324
0.04009199142456055
0.04976606369018555
0.04326510429382324
0.02059793472290039
0.014944076538085938
0.04530596733093262
0.04083085060119629
0.052835941314697266
0.06117892265319824
0.04846501350402832
0.03571510314941406
0.054106950759887695
0.043211936950683594
0.0375981330871582
0.03327488899230957
0.034889936447143555
0.03747105598449707
0.04466700553894043
0.035019874572753906
0.034464120864868164
0.025949954986572266
0.0318150520324707
0.06082415580749512
0.041522979736328125
0.016523122787475586
0.017663002014160156
0.047512054443359375
0.02675008773803711
0.043376922607421875
0.026369810104370117
0.02627110481262207
0.022509098052978516
0.016473054885864258
0.06383085250854492
0.049488067626953125
0.026554107666015625
0.05102801322937012
0.05022597312927246
0.030768871307373047
0.02756190299987793
0.04675889015197754
0.035492897033691406
0.01878809928894043
0.06087183952331543
0.012716054916381836
0.04167604446411133
0.047215938568115234
0.032624006271362305
0.034559011459350586
0.029687881469726562
0.023838043212890625
0.028584003448486328
0.03685307502746582
0.04904484748840332
0.05910015106201172
0.051156044006347656
0.029793977737426758
0.04488205909729004
0.03234291076660156
0.037351131439208984
0.02408289909362793
0.03574681282043457
0.030560970306396484
0.01907205581665039
0.05080604553222656
0.02063894271850586
0.04841899871826172
0.05181407928466797
0.048367977142333984
0.014601945877075195
0.049185991287231445
0.02348780632019043
0.03854680061340332
0.05001115798950195
0.034012794494628906
0.06564998626708984
0.020203828811645508
0.042639970779418945
0.03856205940246582
0.031219959259033203
0.036631107330322266
0.039652109146118164
0.061383962631225586
0.06170797348022461
0.05006909370422363
0.05315089225769043
0.06006312370300293
0.047978878021240234
0.031935930252075195
0.029919862747192383
0.04109501838684082
0.04110908508300781
0.03004908561706543
0.021281003952026367
0.012166023254394531
0.03664398193359375
0.04499101638793945
0.0342249870300293
0.03314995765686035
0.022986888885498047
0.04106712341308594
0.06174802780151367
0.0559389591217041
0.03227806091308594
0.03883099555969238
0.0635230541229248
0.055078983306884766
0.05105113983154297
0.03959488868713379
0.019675016403198242
0.04469704627990723
0.047515869140625
0.04665398597717285
0.014258146286010742
0.03517007827758789
0.026118993759155273
0.028662919998168945
0.04984402656555176
0.05188894271850586
0.03503894805908203
0.04615902900695801
0.04933905601501465
0.03434395790100098
0.052903175354003906
0.034440040588378906
0.01491689682006836
0.04993700981140137
0.031100034713745117
0.061428070068359375
0.0415959358215332
0.04507803916931152
0.023205041885375977
0.05744600296020508
0.05197000503540039
0.055500030517578125
0.0487208366394043
0.027276039123535156
0.025568008422851562
0.04642987251281738
0.029523849487304688
0.045124053955078125
0.027688026428222656
0.05165505409240723
0.05348086357116699
0.027888059616088867
0.012396812438964844
0.042936086654663086
0.023057937622070312
0.034960031509399414
0.04910707473754883
0.050013065338134766
0.05066990852355957
0.05598592758178711
0.03523612022399902
0.03836512565612793
0.026341915130615234
0.05280804634094238
0.012297868728637695
0.05560898780822754
0.05027198791503906
0.038617849349975586
0.048834800720214844
0.0528559684753418
0.04483199119567871
0.024365901947021484
0.014908790588378906
0.03461194038391113
0.0451509952545166
0.032704830169677734
0.04716801643371582
0.027257919311523438
0.040680885314941406
0.05524396896362305
0.02552509307861328
0.0529789924621582
0.05079793930053711
0.060997962951660156
0.06104302406311035
0.0246579647064209
0.05609297752380371
0.07103204727172852
0.04259300231933594
0.026865005493164062
0.014027118682861328
0.04868507385253906
0.05109095573425293
0.029120922088623047
0.039324045181274414
0.05596613883972168
0.05021786689758301
0.05435681343078613
0.01559305191040039
0.022701025009155273
0.052345991134643555
0.05194807052612305
0.038925886154174805
0.04179716110229492
0.04096221923828125
0.03981304168701172
0.04804801940917969
0.023168087005615234
0.048100948333740234
0.05228614807128906
0.023226022720336914
0.012392997741699219
0.0529329776763916
0.020559072494506836
0.019394874572753906
0.03039407730102539
0.06528687477111816
0.01816082000732422
0.016705036163330078
0.027930021286010742
0.023361921310424805
0.038092851638793945
0.03864598274230957
0.02805495262145996
0.018835067749023438
0.047009944915771484
0.05343008041381836
0.046575069427490234
0.04754781723022461
0.04493999481201172
0.05092883110046387
0.06145811080932617
0.034754037857055664
0.0318598747253418
0.0487208366394043
0.035841941833496094
0.03300809860229492
0.03903603553771973
0.045658111572265625
0.07323288917541504
0.03588509559631348
0.033065080642700195
0.03582000732421875
