0.04299497604370117
0.02725815773010254
0.03499794006347656
0.023174047470092773
0.01903700828552246
0.044857025146484375
0.037068843841552734
0.035356998443603516
0.041504859924316406
0.04419302940368652
0.045181989669799805
0.024151086807250977
0.02646183967590332
0.022535085678100586
0.05537581443786621
0.02972698211669922
0.017406225204467773
0.026746034622192383
0.05281782150268555
0.05498099327087402
0.019758939743041992
0.03737211227416992
0.030894994735717773
0.034911155700683594
0.023852109909057617
0.02813410758972168
0.039450883865356445
0.05411195755004883
0.030955076217651367
0.05610489845275879
0.04776811599731445
0.04041290283203125
0.019739151000976562
0.01970195770263672
0.05289101600646973
0.0204770565032959
0.02172708511352539
0.010882854461669922
0.05397200584411621
0.06168413162231445
0.04794001579284668
0.04671287536621094
0.046000003814697266
0.021552085876464844
0.03979015350341797
0.05241894721984863
0.05353999137878418
0.008528947830200195
0.02547001838684082
0.02853107452392578
0.061300039291381836
0.026713848114013672
0.052568912506103516
0.03433799743652344
0.053533077239990234
0.05005311965942383
0.053810834884643555
0.03638815879821777
0.01246786117553711
0.042346954345703125
0.03901791572570801
0.0362858772277832
0.035897016525268555
0.02714395523071289
0.010600090026855469
0.05510091781616211
0.01857614517211914
0.03266286849975586
0.02977895736694336
0.029762983322143555
0.03573298454284668
0.03037881851196289
0.044953107833862305
0.053716182708740234
0.020107030868530273
0.03023505210876465
0.039804935455322266
0.049710988998413086
0.04889321327209473
0.034689903259277344
0.016467809677124023
0.03081798553466797
0.03863406181335449
0.0485079288482666
0.03457498550415039
0.032572031021118164
0.04508209228515625
0.0556330680847168
0.05028700828552246
0.03431105613708496
0.014560937881469727
0.040209054946899414
0.05260896682739258
0.05277085304260254
0.04056906700134277
0.05697178840637207
0.055786848068237305
0.05147409439086914
0.04866290092468262
0.05023002624511719
0.04758501052856445
0.04436802864074707
0.05335593223571777
0.04681205749511719
0.012385129928588867
0.06309390068054199
0.013520956039428711
0.06192898750305176
0.01840996742248535
0.024636030197143555
0.049131155014038086
0.03770112991333008
0.0655059814453125
0.055262088775634766
0.011136054992675781
0.05379080772399902
0.05082392692565918
0.04570317268371582
0.031883955001831055
0.020261049270629883
0.023847103118896484
0.037438154220581055
0.056205034255981445
0.05090594291687012
0.012651920318603516
0.03789520263671875
0.03600001335144043
0.05061197280883789
0.04161381721496582
0.026566028594970703
0.02680683135986328
0.022031068801879883
0.0417790412902832
0.03960108757019043
0.03683018684387207
0.04121518135070801
0.03074193000793457
0.053277015686035156
0.04735684394836426
0.05124402046203613
0.02140498161315918
0.04137706756591797
0.06884598731994629
0.06588888168334961
0.01639413833618164
0.03830599784851074
0.04511094093322754
0.042272090911865234
0.052342891693115234
0.04616379737854004
0.04309415817260742
0.050801992416381836
0.020298004150390625
0.05313587188720703
0.0690770149230957
0.03467297554016113
0.0712130069732666
0.05130410194396973
0.05695796012878418
0.02695918083190918
0.023821115493774414
0.03606605529785156
0.06129288673400879
0.022385835647583008
0.04788804054260254
0.061799049377441406
0.05049610137939453
0.025054931640625
0.05147695541381836
0.03529500961303711
0.04400181770324707
0.021514177322387695
0.03044915199279785
0.045636892318725586
0.038529157638549805
0.02301788330078125
0.047860145568847656
0.04885601997375488
0.040640830993652344
0.011159896850585938
0.0516209602355957
0.02073502540588379
0.03023695945739746
0.05295705795288086
0.06506896018981934
0.05259585380554199
0.01612687110900879
0.05802106857299805
0.056143999099731445
0.06815099716186523
0.04931306838989258
0.04410290718078613
0.03960394859313965
0.05197906494140625
0.011445045471191406
0.06385993957519531
0.04820704460144043
0.05896306037902832
0.02247905731201172
0.05546998977661133
0.048850059509277344
0.019774913787841797
0.044129133224487305
0.06146693229675293
0.03894782066345215
0.013672828674316406
0.01619887351989746
0.021548986434936523
0.053900957107543945
0.02641606330871582
0.04679703712463379
0.014416933059692383
0.05419921875
0.04631400108337402
0.02546095848083496
0.04977011680603027
0.03670215606689453
0.04480791091918945
0.05806612968444824
0.0382230281829834
0.048156023025512695
0.04118204116821289
0.04941082000732422
0.040892839431762695
0.0207369327545166
0.053054094314575195
0.03607487678527832
0.031903982162475586
0.04600811004638672
0.036348819732666016
0.027503013610839844
0.027101993560791016
0.010349035263061523
0.05353498458862305
0.013634920120239258
0.04729604721069336
0.029397010803222656
0.0159149169921875
0.015613079071044922
0.03475499153137207
0.04331183433532715
0.07244396209716797
0.02456188201904297
0.05064702033996582
0.04022502899169922
0.037750959396362305
0.03626203536987305
0.03922581672668457
0.01928997039794922
0.021519899368286133
0.05685281753540039
0.06815600395202637
0.05826997756958008
0.04084300994873047
0.04602479934692383
0.03160405158996582
0.03050088882446289
0.031640052795410156
0.05375099182128906
0.020486831665039062
0.03519392013549805
0.0571141242980957
0.05433392524719238
0.027180910110473633
0.031533002853393555
0.019798994064331055
0.02859210968017578
0.027593135833740234
0.02678394317626953
0.05020284652709961
0.03491806983947754
0.03891801834106445
0.04368996620178223
0.04922199249267578
0.05851411819458008
0.03792595863342285
0.03231310844421387
0.04449200630187988
0.07630586624145508
0.03885316848754883
0.06422901153564453
0.051696062088012695
0.020687103271484375
0.06338119506835938
0.030031204223632812
0.03781604766845703
0.03359794616699219
0.052922964096069336
0.056366920471191406
0.04903697967529297
0.055335044860839844
0.05614018440246582
0.042634010314941406
0.04312396049499512
0.036366939544677734
0.03844809532165527
0.05701804161071777
0.025408029556274414
0.019215106964111328
0.0443570613861084
0.05023789405822754
0.05020785331726074
0.04094696044921875
0.012665033340454102
0.05219888687133789
0.04824995994567871
0.03266596794128418
0.04651999473571777
0.030604124069213867
0.024317026138305664
0.04084205627441406
0.04444599151611328
0.04781293869018555
0.04021596908569336
0.03681302070617676
0.024415969848632812
0.036242008209228516
0.04983711242675781
0.015919923782348633
0.05426502227783203
0.02183699607849121
0.053611040115356445
0.023034095764160156
0.03180813789367676
0.024423837661743164
0.013103961944580078
0.01749706268310547
0.05624699592590332
0.04516005516052246
0.05270504951477051
0.05162501335144043
0.04907107353210449
0.047482967376708984
0.008105993270874023
0.05585002899169922
0.0492708683013916
0.018304824829101562
0.028529882431030273
0.053082942962646484
0.05708909034729004
0.05141305923461914
0.032920122146606445
0.016530990600585938
0.055116891860961914
0.029670000076293945
0.028237104415893555
0.04964399337768555
0.018319129943847656
0.0430910587310791
0.02411794662475586
0.03480386734008789
0.024552106857299805
0.019926071166992188
0.029474973678588867
0.05466818809509277
0.02808213233947754
0.04290294647216797
0.035941123962402344
0.050827980041503906
0.0478208065032959
0.05190896987915039
0.0516819953918457
0.014790058135986328
0.02408909797668457
0.030594825744628906
0.028680801391601562
0.06548690795898438
0.030606985092163086
0.02619004249572754
0.027868986129760742
0.05427408218383789
0.017999887466430664
0.033689022064208984
0.05124020576477051
0.031748056411743164
0.05860400199890137
0.03695487976074219
0.055555105209350586
0.006318092346191406
0.05839204788208008
0.05829000473022461
0.02884817123413086
0.01642894744873047
0.030833005905151367
0.04894304275512695
0.015205860137939453
0.029716014862060547
0.03067302703857422
0.04285597801208496
0.039041996002197266
0.040437936782836914
0.043927907943725586
0.04383683204650879
0.0386350154876709
0.03122401237487793
0.051898956298828125
0.022886037826538086
0.017922163009643555
0.059723854064941406
0.05037212371826172
0.06727004051208496
0.047512054443359375
0.039095163345336914
0.05488300323486328
0.05764293670654297
0.037635087966918945
0.04732084274291992
0.030704975128173828
0.027219057083129883
0.03666400909423828
0.04592394828796387
0.050293922424316406
0.03401613235473633
0.02889108657836914
0.029332876205444336
0.035421133041381836
0.014722824096679688
0.029591083526611328
0.0432431697845459
0.016085147857666016
0.05695199966430664
0.05826902389526367
0.04292917251586914
0.0172579288482666
0.016170024871826172
0.014467954635620117
0.027096986770629883
0.015463113784790039
0.015772104263305664
0.05288290977478027
0.06210494041442871
0.0447840690612793
0.03485584259033203
0.05379295349121094
0.028352022171020508
0.02626204490661621
0.05350995063781738
0.039103031158447266
0.016566991806030273
0.035614013671875
0.041445016860961914
0.01692795753479004
0.013940095901489258
0.047493934631347656
0.0305020809173584
0.021625041961669922
0.03702211380004883
0.04277992248535156
0.053082942962646484
0.03270697593688965
0.05389904975891113
0.04882311820983887
0.0338139533996582
0.057878971099853516
0.041033029556274414
0.04558515548706055
0.05080008506774902
0.030665874481201172
0.04025912284851074
0.057327985763549805
0.02688312530517578
0.05002903938293457
0.036692142486572266
0.03945302963256836
0.03100109100341797
0.02001810073852539
0.05406904220581055
0.032713890075683594
0.021492958068847656
0.04239487648010254
0.0394439697265625
0.03682398796081543
0.05347609519958496
0.04022502899169922
0.037329912185668945
0.02761697769165039
0.031249046325683594
0.0830681324005127
0.019341230392456055
0.0498809814453125
0.04583001136779785
0.026606082916259766
0.04536700248718262
0.026716947555541992
0.011246919631958008
0.04396510124206543
0.040283203125
0.037262916564941406
0.014852046966552734
0.05933809280395508
0.01047205924987793
0.04755592346191406
0.019296884536743164
0.017341136932373047
0.04431295394897461
0.02416682243347168
0.050318002700805664
0.027021169662475586
0.041033029556274414
0.045909881591796875
0.05392003059387207
0.05326700210571289
0.054431915283203125
0.040231943130493164
0.048731088638305664
0.024893999099731445
0.052934885025024414
0.0411379337310791
0.02617192268371582
0.02595210075378418
0.05184793472290039
0.03509521484375
0.040925025939941406
0.037149906158447266
0.0549619197845459
0.035160064697265625
0.04018092155456543
0.05728602409362793
0.04579782485961914
0.036112070083618164
0.03085184097290039
0.04974198341369629
0.045252084732055664
0.01772785186767578
0.05523800849914551
0.028973102569580078
0.03049182891845703
0.03814387321472168
0.05351996421813965
0.057662010192871094
0.044415950775146484
0.05142402648925781
0.05592799186706543
0.029090166091918945
0.06110787391662598
0.046607017517089844
0.03565096855163574
0.0601198673248291
0.030061960220336914
0.028167009353637695
0.0236818790435791
0.009480953216552734
0.03466010093688965
0.020326852798461914
0.035669803619384766
0.061491966247558594
0.06174111366271973
0.032628774642944336
0.033926963806152344
0.04010581970214844
0.03930807113647461
0.012562990188598633
0.04633307456970215
0.0492701530456543
0.045738935470581055
0.05392098426818848
0.060356855392456055
0.03574800491333008
0.04450583457946777
0.04482698440551758
0.023865938186645508
0.03232598304748535
0.03295707702636719
0.050048828125
0.0469660758972168
0.030234813690185547
0.05939912796020508
0.05378913879394531
0.06951093673706055
0.023280858993530273
0.04269099235534668
0.03212594985961914
0.04458904266357422
0.023620128631591797
0.03565096855163574
0.04706907272338867
0.018948078155517578
0.057168006896972656
0.049427032470703125
0.05341696739196777
0.0429840087890625
0.04040789604187012
0.04162096977233887
0.05353498458862305
0.05211615562438965
0.05715203285217285
0.06708097457885742
0.014673948287963867
0.03883194923400879
0.037444114685058594
0.013586997985839844
0.0561220645904541
0.05900311470031738
0.05372881889343262
0.05693411827087402
0.016727924346923828
0.04246807098388672
0.0165860652923584
0.02742600440979004
0.0482640266418457
