0.05843210220336914
0.03278088569641113
0.05085396766662598
0.043177127838134766
0.03395891189575195
0.04594111442565918
0.045767784118652344
0.04309391975402832
0.018843889236450195
0.031237125396728516
0.05100893974304199
0.02277207374572754
0.04884195327758789
0.03964805603027344
0.06915903091430664
0.04978585243225098
0.04325723648071289
0.022747039794921875
0.0607600212097168
0.01949000358581543
0.0581059455871582
0.021348953247070312
0.03873610496520996
0.06112313270568848
0.03539395332336426
0.04819893836975098
0.048393964767456055
0.013598203659057617
0.022619009017944336
0.010751008987426758
0.02370309829711914
0.037467002868652344
0.03292202949523926
0.023411989212036133
0.021915912628173828
0.04213881492614746
0.05335712432861328
0.052037954330444336
0.03178000450134277
0.05212092399597168
0.046356916427612305
0.055204153060913086
0.0386500358581543
0.05404210090637207
0.01475381851196289
0.014356136322021484
0.024183988571166992
0.022189855575561523
0.037400007247924805
0.01937413215637207
0.057585954666137695
0.024512052536010742
0.05324697494506836
0.04870796203613281
0.039411067962646484
0.030234098434448242
0.03318500518798828
0.04612922668457031
0.014208078384399414
0.008584976196289062
0.044448137283325195
0.04008603096008301
0.03832602500915527
0.04878401756286621
0.015084981918334961
0.02794504165649414
0.026096105575561523
0.032325029373168945
0.034500837326049805
0.02768397331237793
0.04949378967285156
0.05366396903991699
0.021043062210083008
0.04545307159423828
0.03499293327331543
0.058465003967285156
0.028619050979614258
0.03612995147705078
0.01612710952758789
0.04153895378112793
0.032289981842041016
0.03182411193847656
0.022975921630859375
0.02724003791809082
0.029443025588989258
0.05119204521179199
0.04878497123718262
0.04119110107421875
0.05079007148742676
0.03057718276977539
0.03737902641296387
0.03298497200012207
0.038208961486816406
0.01087498664855957
0.02716517448425293
0.03953719139099121
0.035626888275146484
0.04984307289123535
0.03949284553527832
0.054231882095336914
0.015424013137817383
0.05320096015930176
0.04277992248535156
0.07571911811828613
0.05190587043762207
0.01901698112487793
0.01866602897644043
0.05249285697937012
0.049015045166015625
0.03612518310546875
0.05200600624084473
0.040350914001464844
0.03143501281738281
0.027391910552978516
0.04035592079162598
0.03095698356628418
0.04142117500305176
0.040730953216552734
0.03196597099304199
0.01673412322998047
0.0489659309387207
0.023287057876586914
0.04889798164367676
0.033763885498046875
0.01852583885192871
0.03953695297241211
0.048229217529296875
0.030463218688964844
0.05612492561340332
0.019830942153930664
0.018191099166870117
0.05489087104797363
0.022027015686035156
0.04590892791748047
0.034004926681518555
0.03319096565246582
0.03484988212585449
0.03287386894226074
0.02896904945373535
0.021404027938842773
0.04351186752319336
0.04086709022521973
0.020466089248657227
0.038485050201416016
0.03192615509033203
0.038403987884521484
0.017529010772705078
0.030035972595214844
0.05120205879211426
0.026224136352539062
0.044111013412475586
0.03174901008605957
0.037203073501586914
0.03178691864013672
0.05416679382324219
0.0408320426940918
0.059252023696899414
0.023432016372680664
0.021718978881835938
0.05277514457702637
0.05504202842712402
0.021275043487548828
0.04018092155456543
0.03200411796569824
0.015869140625
0.03377199172973633
0.02621006965637207
0.043241024017333984
0.016640901565551758
0.055809974670410156
0.040647029876708984
0.05334615707397461
0.045163869857788086
0.024350881576538086
0.03968095779418945
0.023485898971557617
0.03842806816101074
0.06052994728088379
0.040708065032958984
0.03207707405090332
0.03377103805541992
0.0671999454498291
0.02554798126220703
0.03034687042236328
0.0501859188079834
0.01229405403137207
0.034516096115112305
0.04411721229553223
0.03913712501525879
0.028521060943603516
0.037338972091674805
0.014988899230957031
0.03299593925476074
0.05689883232116699
0.05014514923095703
0.055457115173339844
0.04788804054260254
0.05610394477844238
0.06698799133300781
0.05099010467529297
0.04815983772277832
0.0438539981842041
0.03411412239074707
0.0219419002532959
0.03756999969482422
0.03661680221557617
0.049185991287231445
0.01328897476196289
0.030107975006103516
0.0654609203338623
0.05094790458679199
0.05778098106384277
0.013790130615234375
0.04509401321411133
0.041810035705566406
0.03529500961303711
0.048895835876464844
0.020928144454956055
0.03987884521484375
0.05168604850769043
0.043356895446777344
0.018541812896728516
0.03520393371582031
0.023851871490478516
0.020164012908935547
0.058863162994384766
0.04381704330444336
0.05736994743347168
0.05712890625
0.029951810836791992
0.033918142318725586
0.0384221076965332
0.01623988151550293
0.013787984848022461
0.016314983367919922
0.03955507278442383
0.016328096389770508
0.05180501937866211
0.04108595848083496
0.04324603080749512
0.05525493621826172
0.016247987747192383
0.03307294845581055
0.033696889877319336
0.04128098487854004
0.040380001068115234
0.03103494644165039
0.049874067306518555
0.03955817222595215
0.03850293159484863
0.0367431640625
0.06110787391662598
0.051301002502441406
0.04636883735656738
0.025089025497436523
0.0361790657043457
0.04173588752746582
0.019554853439331055
0.05223202705383301
0.03997611999511719
0.03550601005554199
0.03061985969543457
0.03510594367980957
0.04447197914123535
0.052349090576171875
0.07171082496643066
0.045880794525146484
0.015163183212280273
0.037384986877441406
0.009924888610839844
0.05566596984863281
0.051283836364746094
0.03796696662902832
0.026076078414916992
0.026526927947998047
0.04654812812805176
0.03621697425842285
0.04084491729736328
0.06415796279907227
0.0393679141998291
0.03635406494140625
0.040583133697509766
0.025802135467529297
0.05486702919006348
0.036305904388427734
0.04510307312011719
0.02861189842224121
0.04700183868408203
0.05707693099975586
0.01930403709411621
0.04581809043884277
0.017348051071166992
0.03061699867248535
0.030965089797973633
0.04210805892944336
0.013978004455566406
0.014281034469604492
0.030984878540039062
0.040933847427368164
0.05250191688537598
0.03810000419616699
0.02366018295288086
0.03320789337158203
0.01508021354675293
0.056099891662597656
0.044000864028930664
0.019973039627075195
0.04158306121826172
0.027705907821655273
0.05788779258728027
0.05270814895629883
0.020338058471679688
0.047653913497924805
0.030936002731323242
0.040225982666015625
0.03418397903442383
0.03758978843688965
0.04151606559753418
0.023266077041625977
0.04559803009033203
0.047698020935058594
0.01569509506225586
0.04083585739135742
0.02839803695678711
0.04799699783325195
0.028790950775146484
0.0589900016784668
0.03200817108154297
0.04080605506896973
0.03815817832946777
0.03833317756652832
0.02950000762939453
0.04334306716918945
0.023561954498291016
0.04218292236328125
0.0612790584564209
0.04830288887023926
0.05128288269042969
0.051670074462890625
0.05404305458068848
0.01753711700439453
0.041346073150634766
0.06743311882019043
0.03648495674133301
0.03582310676574707
0.031989097595214844
0.05810904502868652
0.039504051208496094
0.04137611389160156
0.06353116035461426
0.06307411193847656
0.057270050048828125
0.04523897171020508
0.04821491241455078
0.047055959701538086
0.044671058654785156
0.0242919921875
0.0548100471496582
0.03109598159790039
0.05710601806640625
0.04716897010803223
0.05561995506286621
0.029675960540771484
0.02507495880126953
0.05127716064453125
0.03261089324951172
0.010821819305419922
0.06343698501586914
0.0691227912902832
0.016819000244140625
0.0545809268951416
0.0393218994140625
0.015166997909545898
0.028201818466186523
0.04630899429321289
0.06150698661804199
0.04840493202209473
0.013849973678588867
0.059623003005981445
0.040814876556396484
0.053334951400756836
0.029512882232666016
0.04633903503417969
0.03409981727600098
0.05346989631652832
0.04927206039428711
0.050438880920410156
0.05018210411071777
0.05888104438781738
0.05437803268432617
0.009711027145385742
0.04352998733520508
0.0344390869140625
0.02265787124633789
0.014496088027954102
0.0490717887878418
0.010097980499267578
0.03819584846496582
0.04730415344238281
0.015990018844604492
0.034880876541137695
0.023046016693115234
0.034974098205566406
0.019140005111694336
0.018431901931762695
0.012323856353759766
0.05248308181762695
0.028493881225585938
0.030061006546020508
0.04107213020324707
0.04446101188659668
0.06095004081726074
0.030003070831298828
0.01653885841369629
0.05003499984741211
0.021972179412841797
0.028073787689208984
0.03922915458679199
0.011330127716064453
0.045567989349365234
0.030138015747070312
0.04377102851867676
0.04573798179626465
0.04849886894226074
0.036605119705200195
0.03330492973327637
0.05011296272277832
0.0442509651184082
0.04703187942504883
0.02396106719970703
0.038719892501831055
0.05651998519897461
0.033889055252075195
0.0271761417388916
0.02299809455871582
0.04554295539855957
0.023348093032836914
0.06392598152160645
0.026680946350097656
0.06116294860839844
0.022109031677246094
0.030454158782958984
0.01745915412902832
0.04590606689453125
0.045919179916381836
0.025444984436035156
0.03812098503112793
0.04531216621398926
0.03787803649902344
0.029732942581176758
0.04955410957336426
0.028818130493164062
0.06295919418334961
0.02192997932434082
0.044554948806762695
0.0452420711517334
0.050137996673583984
0.032113075256347656
0.04230999946594238
0.021157026290893555
0.022449970245361328
0.01332998275756836
0.04905295372009277
0.04330921173095703
0.02783489227294922
0.026054859161376953
0.03130912780761719
0.03457784652709961
0.015702009201049805
0.029454946517944336
0.04236006736755371
0.03804302215576172
0.03764486312866211
0.04587888717651367
0.04124283790588379
0.014187097549438477
0.046167850494384766
0.037988901138305664
0.015149831771850586
0.0378270149230957
0.041976213455200195
0.05111408233642578
0.0328669548034668
0.04941511154174805
0.04696083068847656
0.06024813652038574
0.014847993850708008
0.027000904083251953
0.039212942123413086
0.0494840145111084
0.014529943466186523
0.036244869232177734
0.014982938766479492
0.018449068069458008
0.01449894905090332
0.048310041427612305
0.053704023361206055
0.05234098434448242
0.03769087791442871
0.03071117401123047
0.029275178909301758
0.013726949691772461
0.044531822204589844
0.043859004974365234
0.031332969665527344
0.03954005241394043
0.06803297996520996
0.04704594612121582
0.04337000846862793
0.02431201934814453
0.029514074325561523
0.02865004539489746
0.021713972091674805
0.057801008224487305
0.022394895553588867
0.04147791862487793
0.024272918701171875
0.030102968215942383
0.0331110954284668
0.04701495170593262
0.04753708839416504
0.016251087188720703
0.027375221252441406
0.05323314666748047
0.05772900581359863
0.011058807373046875
0.038403987884521484
0.019348859786987305
0.04776906967163086
0.03430008888244629
0.035398006439208984
0.035639047622680664
0.021310806274414062
0.02122807502746582
0.018080949783325195
0.029203176498413086
0.05596208572387695
0.04782295227050781
0.024663925170898438
0.043534040451049805
0.024466991424560547
0.04978799819946289
0.025259971618652344
0.04220890998840332
0.03079700469970703
0.021210908889770508
0.028716087341308594
0.045916080474853516
0.05453801155090332
0.049468040466308594
0.03812098503112793
0.05337691307067871
0.05317997932434082
0.02739691734313965
0.04625821113586426
0.05641984939575195
0.040374040603637695
0.03261089324951172
0.0655968189239502
0.024148941040039062
0.038465023040771484
0.04785585403442383
0.03666090965270996
0.055834054946899414
0.017364025115966797
0.03045821189880371
0.06249284744262695
0.021373987197875977
0.03815913200378418
0.05871915817260742
0.04113507270812988
0.052304983139038086
0.013967037200927734
0.024040937423706055
0.04250192642211914
0.03040003776550293
0.03446793556213379
0.028629064559936523
0.03481602668762207
0.048753976821899414
0.026061058044433594
0.04821014404296875
0.013632059097290039
0.01172018051147461
0.026834964752197266
0.019051074981689453
0.023474931716918945
0.07379698753356934
0.022304773330688477
0.03596091270446777
0.04897618293762207
0.055914878845214844
0.05490708351135254
0.04652285575866699
0.05082201957702637
0.03271484375
0.024991989135742188
0.016572952270507812
0.03430008888244629
0.019526004791259766
