0.0458681583404541
0.061448097229003906
0.04661107063293457
0.05185985565185547
0.039335012435913086
0.016315937042236328
0.05444002151489258
0.04204607009887695
0.03258085250854492
0.03035116195678711
0.019802093505859375
0.04442596435546875
0.053176164627075195
0.028169870376586914
0.04453301429748535
0.04350090026855469
0.04189801216125488
0.013873100280761719
0.04775714874267578
0.02935004234313965
0.029536008834838867
0.03445100784301758
0.045944929122924805
0.05316615104675293
0.04825091361999512
0.06499791145324707
0.026329994201660156
0.010513067245483398
0.02679586410522461
0.031942129135131836
0.02797102928161621
0.04176902770996094
0.03474020957946777
0.04010605812072754
0.04253888130187988
0.02873086929321289
0.028513193130493164
0.012545108795166016
0.0217587947845459
0.029806852340698242
0.05344200134277344
0.03666496276855469
0.030271053314208984
0.041803836822509766
0.04875898361206055
0.00998997688293457
0.04871010780334473
0.01662921905517578
0.03648209571838379
0.023534059524536133
0.03545212745666504
0.05584716796875
0.04757189750671387
0.020848989486694336
0.03260493278503418
0.05293917655944824
0.027235984802246094
0.03748679161071777
0.030570030212402344
0.03451895713806152
0.02438187599182129
0.0499119758605957
0.030141115188598633
0.04616189002990723
0.05368208885192871
0.028317928314208984
0.05050301551818848
0.04826617240905762
0.03055405616760254
0.04716777801513672
0.02887701988220215
0.016542911529541016
0.031106948852539062
0.06837987899780273
0.05811309814453125
0.018980026245117188
0.03178215026855469
0.054205894470214844
0.036913156509399414
0.04026007652282715
0.04152798652648926
0.038598060607910156
0.019511938095092773
0.010060787200927734
0.014430046081542969
0.050489187240600586
0.019895076751708984
0.04313206672668457
0.05247998237609863
0.031014204025268555
0.033357858657836914
0.015949010848999023
0.043066978454589844
0.045530080795288086
0.03135204315185547
0.01658010482788086
0.03552699089050293
0.030852794647216797
0.02342987060546875
0.040328025817871094
0.053421974182128906
0.030510902404785156
0.03215289115905762
0.03731703758239746
0.04890894889831543
0.03261089324951172
0.03936290740966797
0.05579495429992676
0.01435708999633789
0.040290117263793945
0.02653813362121582
0.049488067626953125
0.022864103317260742
0.026246070861816406
0.014584064483642578
0.03421783447265625
0.03294992446899414
0.013497114181518555
0.035479068756103516
0.021275043487548828
0.047540903091430664
0.044426918029785156
0.024070024490356445
0.035537004470825195
0.012276887893676758
0.03749895095825195
0.055528879165649414
0.05203986167907715
0.03448200225830078
0.0412440299987793
0.049217939376831055
0.04526400566101074
0.038641929626464844
0.050668954849243164
0.04288601875305176
0.015347003936767578
0.03421592712402344
0.043931007385253906
0.02263188362121582
0.02072906494140625
0.03731083869934082
0.04936695098876953
0.04863595962524414
0.0354459285736084
0.04177284240722656
0.04964017868041992
0.04058408737182617
0.055066823959350586
0.04404497146606445
0.03252720832824707
0.03411507606506348
0.06086611747741699
0.04343700408935547
0.04847002029418945
0.02319502830505371
0.01838994026184082
0.03319096565246582
0.05827903747558594
0.019311904907226562
0.06786298751831055
0.041481971740722656
0.03761482238769531
0.04316401481628418
0.023395061492919922
0.05180501937866211
0.04404497146606445
0.03680086135864258
0.019902944564819336
0.014695882797241211
0.0598750114440918
0.05152487754821777
0.03579115867614746
0.04605507850646973
0.0225830078125
0.05745196342468262
0.03802204132080078
0.038969993591308594
0.048150062561035156
0.06210899353027344
0.05138897895812988
0.03844189643859863
0.052314043045043945
0.028921127319335938
0.0185091495513916
0.03867697715759277
0.016582012176513672
0.04955887794494629
0.018435001373291016
0.050379037857055664
0.05173492431640625
0.02073812484741211
0.04274916648864746
0.04838299751281738
0.04890799522399902
0.057852983474731445
0.06044721603393555
0.0532529354095459
0.03582000732421875
0.018140077590942383
0.030254840850830078
0.037370920181274414
0.03977394104003906
0.03461003303527832
0.03674793243408203
0.05710601806640625
0.0654449462890625
0.016578197479248047
0.02068185806274414
0.04628705978393555
0.03515791893005371
0.04486513137817383
0.04561614990234375
0.054876089096069336
0.022657155990600586
0.0336611270904541
0.04156804084777832
0.04812121391296387
0.037171125411987305
0.036161184310913086
0.05545997619628906
0.0458528995513916
0.03077411651611328
0.04919600486755371
0.03277993202209473
0.05370807647705078
0.03478693962097168
0.03952288627624512
0.05120706558227539
0.0340418815612793
0.031052827835083008
0.03459787368774414
0.05909419059753418
0.0236361026763916
0.05417299270629883
0.027985095977783203
0.015938997268676758
0.05357789993286133
0.01754617691040039
0.05336713790893555
0.0433809757232666
0.040122032165527344
0.022754907608032227
0.030488014221191406
0.04664206504821777
0.0335080623626709
0.0382230281829834
0.05407214164733887
0.04556703567504883
0.011995077133178711
0.04014992713928223
0.0768580436706543
0.02967381477355957
0.028100967407226562
0.01897907257080078
0.05489182472229004
0.032733917236328125
0.03706693649291992
0.03326892852783203
0.04239797592163086
0.0376889705657959
0.048406124114990234
0.054895877838134766
0.06333303451538086
0.01929187774658203
0.0436859130859375
0.04992818832397461
0.03980302810668945
0.05917000770568848
0.030032873153686523
0.038114070892333984
0.01645493507385254
0.027948856353759766
0.05383419990539551
0.033677101135253906
0.02755117416381836
0.025966882705688477
0.05531001091003418
0.04405617713928223
0.017683029174804688
0.03799891471862793
0.04650998115539551
0.02164912223815918
0.04806995391845703
0.05270886421203613
0.013414144515991211
0.05262899398803711
0.02369403839111328
0.04864907264709473
0.05381011962890625
0.0411529541015625
0.03823494911193848
0.045805931091308594
0.051004886627197266
0.04756283760070801
0.03556704521179199
0.03429412841796875
0.06934595108032227
0.03445100784301758
0.021958112716674805
0.02287006378173828
0.014934778213500977
0.0571141242980957
0.04157090187072754
0.026953935623168945
0.023535966873168945
0.04527401924133301
0.03139209747314453
0.06123089790344238
0.04276084899902344
0.053650856018066406
0.022423982620239258
0.015191078186035156
0.038845062255859375
0.03705906867980957
0.04020190238952637
0.03032088279724121
0.0461270809173584
0.025341033935546875
0.03811502456665039
0.014323949813842773
0.05179882049560547
0.04397416114807129
0.056066036224365234
0.016403913497924805
0.03663992881774902
0.022192001342773438
0.04821491241455078
0.04754304885864258
0.01343679428100586
0.05102705955505371
0.05017399787902832
0.052618980407714844
0.04145979881286621
0.03814101219177246
0.03452301025390625
0.018995046615600586
0.022202014923095703
0.036002159118652344
0.043478965759277344
0.03349113464355469
0.03739190101623535
0.049301862716674805
0.04024195671081543
0.028651952743530273
0.0597691535949707
0.05078697204589844
0.03181290626525879
0.025799036026000977
0.04697108268737793
0.04564309120178223
0.05330204963684082
0.050469160079956055
0.040220022201538086
0.022866010665893555
0.014246940612792969
0.025609970092773438
0.049883127212524414
0.05017590522766113
0.04035806655883789
0.055641889572143555
0.04196596145629883
0.025429964065551758
0.04748106002807617
0.04137301445007324
0.050163984298706055
0.05849790573120117
0.04299211502075195
0.0568389892578125
0.018735885620117188
0.05244088172912598
0.03909707069396973
0.04696512222290039
0.02433013916015625
0.05510401725769043
0.041914939880371094
0.049360036849975586
0.05355501174926758
0.04962587356567383
0.05521821975708008
0.044157981872558594
0.04549002647399902
0.020045042037963867
0.03830409049987793
0.03653693199157715
0.05790090560913086
0.06003379821777344
0.05656099319458008
0.034439802169799805
0.030381202697753906
0.01708507537841797
0.013730049133300781
0.02426886558532715
0.028584957122802734
0.05560421943664551
0.038110971450805664
0.04216194152832031
0.03622293472290039
0.04221606254577637
0.05333995819091797
0.06764912605285645
0.0523681640625
0.026912927627563477
0.032171010971069336
0.05049610137939453
0.0492551326751709
0.05011701583862305
0.03855299949645996
0.018889904022216797
0.04411196708679199
0.057463884353637695
0.04486393928527832
0.044853925704956055
0.027630090713500977
0.04134416580200195
0.02831888198852539
0.02875208854675293
0.034371137619018555
0.03476405143737793
0.015612125396728516
0.04956698417663574
0.029868125915527344
0.05731511116027832
0.055020809173583984
0.0497441291809082
0.01867389678955078
0.03648495674133301
0.05817890167236328
0.013633012771606445
0.050863027572631836
0.059715986251831055
0.04275393486022949
0.06357717514038086
0.05055403709411621
0.0460970401763916
0.01734614372253418
0.04146289825439453
0.02692389488220215
0.026093006134033203
0.04572415351867676
0.04053616523742676
0.029267072677612305
0.02363896369934082
0.02911686897277832
0.0553898811340332
0.019865036010742188
0.05713987350463867
0.03377795219421387
0.04194378852844238
0.01824498176574707
0.01661396026611328
0.04515719413757324
0.02747797966003418
0.03209495544433594
0.07187104225158691
0.04027700424194336
0.046684980392456055
0.03452897071838379
0.04570603370666504
0.061843156814575195
0.06304597854614258
0.041663169860839844
0.033867835998535156
0.013226985931396484
0.041027069091796875
0.03700709342956543
0.022997140884399414
0.038765907287597656
0.03835320472717285
0.02741694450378418
0.047284841537475586
0.022643089294433594
0.019421100616455078
0.024245023727416992
0.04889082908630371
0.03996992111206055
0.03805899620056152
0.05147194862365723
0.026231050491333008
0.05192208290100098
0.018427133560180664
0.06502699851989746
0.022377967834472656
0.03414320945739746
0.06007194519042969
0.049304962158203125
0.044773101806640625
0.02961587905883789
0.02067399024963379
0.054245948791503906
0.05516505241394043
0.04163098335266113
0.037650108337402344
0.05716705322265625
0.028342008590698242
0.024430036544799805
0.010180950164794922
0.015117883682250977
0.060137033462524414
0.0059528350830078125
0.05004000663757324
0.04616403579711914
0.029657840728759766
0.03844499588012695
0.02023005485534668
0.05168294906616211
0.05329704284667969
0.04169487953186035
0.05129384994506836
0.03414511680603027
0.034314870834350586
0.03248715400695801
0.05297398567199707
0.03178000450134277
0.0351870059967041
0.02622509002685547
0.024257898330688477
0.0229339599609375
0.029367923736572266
0.014198064804077148
0.04899311065673828
0.01616191864013672
0.04076886177062988
0.030186891555786133
0.014578104019165039
0.0489499568939209
0.023949146270751953
0.03162813186645508
0.046838998794555664
0.07529306411743164
0.0488128662109375
0.0632939338684082
0.03490591049194336
0.03804302215576172
0.06160593032836914
0.029696941375732422
0.04525399208068848
0.023302078247070312
0.026144981384277344
0.018485069274902344
0.014304161071777344
0.03205585479736328
0.036702871322631836
0.03577303886413574
0.04041290283203125
0.0366978645324707
0.07001209259033203
0.03242301940917969
0.04372406005859375
0.03178095817565918
0.03798103332519531
0.03519487380981445
0.04142284393310547
0.045552968978881836
0.038311004638671875
0.024658918380737305
0.042474985122680664
0.020157814025878906
0.03460884094238281
0.04485297203063965
0.05138087272644043
0.02007603645324707
0.05353498458862305
0.047109127044677734
0.04129385948181152
0.05396294593811035
0.05335187911987305
0.040493011474609375
0.04760384559631348
0.04667186737060547
0.03084087371826172
0.05269002914428711
0.0490870475769043
0.023061037063598633
0.041123151779174805
0.04256892204284668
0.023392915725708008
0.0599520206451416
0.054148197174072266
0.016602039337158203
0.03464388847351074
0.04067683219909668
0.0345919132232666
0.05161094665527344
0.05653500556945801
0.06549286842346191
0.04249000549316406
0.0298459529876709
0.027211904525756836
0.024273157119750977
0.014436960220336914
0.0300290584564209
0.06188797950744629
0.023829936981201172
0.052947044372558594
0.027131080627441406
0.01951885223388672
0.023844003677368164
0.022778034210205078
0.05298805236816406
0.0413060188293457
