0.06266903877258301
0.040766000747680664
0.038403987884521484
0.04161500930786133
0.014256000518798828
0.026993989944458008
0.03773689270019531
0.022372961044311523
0.03090190887451172
0.03080296516418457
0.034052133560180664
0.03107905387878418
0.04050803184509277
0.019184112548828125
0.030176877975463867
0.030155181884765625
0.02224898338317871
0.04114794731140137
0.031733036041259766
0.05061507225036621
0.012645959854125977
0.04468512535095215
0.0390779972076416
0.051422834396362305
0.024517059326171875
0.038236141204833984
0.043504953384399414
0.031222105026245117
0.05386996269226074
0.0314631462097168
0.021919965744018555
0.049818992614746094
0.053273916244506836
0.0468599796295166
0.022555112838745117
0.03870105743408203
0.05554509162902832
0.03944993019104004
0.048561811447143555
0.01921701431274414
0.056733131408691406
0.012447118759155273
0.03231096267700195
0.04596090316772461
0.052876949310302734
0.04387998580932617
0.015239953994750977
0.037240028381347656
0.05630803108215332
0.044450998306274414
0.055830955505371094
0.057264089584350586
0.06890201568603516
0.05958104133605957
0.05542111396789551
0.03235912322998047
0.03450417518615723
0.033750057220458984
0.03550410270690918
0.05788898468017578
0.026579856872558594
0.04424905776977539
0.037425994873046875
0.03563094139099121
0.05123400688171387
0.04220890998840332
0.05165505409240723
0.024255037307739258
0.03578495979309082
0.019462108612060547
0.04929399490356445
0.030537128448486328
0.042951107025146484
0.02083301544189453
0.03538012504577637
0.04016900062561035
0.01677393913269043
0.03203988075256348
0.023207902908325195
0.027272939682006836
0.04213404655456543
0.03165793418884277
0.014487028121948242
0.04683399200439453
0.032672882080078125
0.046029090881347656
0.0364840030670166
0.05419206619262695
0.037574052810668945
0.03455090522766113
0.020668983459472656
0.032679080963134766
0.0408940315246582
0.029477834701538086
0.045660972595214844
0.03931689262390137
0.03591585159301758
0.045480966567993164
0.05328488349914551
0.046365976333618164
0.024645090103149414
0.038420915603637695
0.02376699447631836
0.0383758544921875
0.04187798500061035
0.033010005950927734
0.04253816604614258
0.01197195053100586
0.02559494972229004
0.040754079818725586
0.048048973083496094
0.05077004432678223
0.04287004470825195
0.017490148544311523
0.05495309829711914
0.01949310302734375
0.016760826110839844
0.03997015953063965
0.05014610290527344
0.015913963317871094
0.04722094535827637
0.032942771911621094
0.03212594985961914
0.0374751091003418
0.027332067489624023
0.04040098190307617
0.0516660213470459
0.05674481391906738
0.028445959091186523
0.015594959259033203
0.023775100708007812
0.018610000610351562
0.02061605453491211
0.03458690643310547
0.047312021255493164
0.03325009346008301
0.020446062088012695
0.031662940979003906
0.015530109405517578
0.06885290145874023
0.04429817199707031
0.053843021392822266
0.035021066665649414
0.04820609092712402
0.040754079818725586
0.044738054275512695
0.02491617202758789
0.02768087387084961
0.01850605010986328
0.05817103385925293
0.04426288604736328
0.05137491226196289
0.04027891159057617
0.046643972396850586
0.028111934661865234
0.05348801612854004
0.052774906158447266
0.046653032302856445
0.02448296546936035
0.033267974853515625
0.032829999923706055
0.040431976318359375
0.052000999450683594
0.03936481475830078
0.03236794471740723
0.05843782424926758
0.06210517883300781
0.029557228088378906
0.03171086311340332
0.01820516586303711
0.047699928283691406
0.01719498634338379
0.03279685974121094
0.04970288276672363
0.028982877731323242
0.014594078063964844
0.027156829833984375
0.05325889587402344
0.0630960464477539
0.03705096244812012
0.03697609901428223
0.0474851131439209
0.013423919677734375
0.03307008743286133
0.03844404220581055
0.058367013931274414
0.024049997329711914
0.04724597930908203
0.04838109016418457
0.047106027603149414
0.008584022521972656
0.06962800025939941
0.03165578842163086
0.016511917114257812
0.044693946838378906
0.03450608253479004
0.06384611129760742
0.05289006233215332
0.0409090518951416
0.05372500419616699
0.023845911026000977
0.030153989791870117
0.0484769344329834
0.04909396171569824
0.014943838119506836
0.03468203544616699
0.046209096908569336
0.056227922439575195
0.04979681968688965
0.041253089904785156
0.0538640022277832
0.03721308708190918
0.02411794662475586
0.03055882453918457
0.02227020263671875
0.04845309257507324
0.04644012451171875
0.04104804992675781
0.05218100547790527
0.028781890869140625
0.02379894256591797
0.030553102493286133
0.033560991287231445
0.04547715187072754
0.03405284881591797
0.01759505271911621
0.07680106163024902
0.023967981338500977
0.053587913513183594
0.023500919342041016
0.028842926025390625
0.022146940231323242
0.040625810623168945
0.031028032302856445
0.02650308609008789
0.03467607498168945
0.016713857650756836
0.015085935592651367
0.0529630184173584
0.04767894744873047
0.056652069091796875
0.0609591007232666
0.028789997100830078
0.04747486114501953
0.05323481559753418
0.0455780029296875
0.049221038818359375
0.031620025634765625
0.050752878189086914
0.02183985710144043
0.032022953033447266
0.030603885650634766
0.05958390235900879
0.04252004623413086
0.0535120964050293
0.053114891052246094
0.016211986541748047
0.0654900074005127
0.038172006607055664
0.030006885528564453
0.04149580001831055
0.053919076919555664
0.012585878372192383
0.023240089416503906
0.02213907241821289
0.029751062393188477
0.05587506294250488
0.04565310478210449
0.049696922302246094
0.03177189826965332
0.01928091049194336
0.05053591728210449
0.04806995391845703
0.01225590705871582
0.05778312683105469
0.051033973693847656
0.024818897247314453
0.024239063262939453
0.03388690948486328
0.048207998275756836
0.05058693885803223
0.04970097541809082
0.06391191482543945
0.05522418022155762
0.027849197387695312
0.026948928833007812
0.03620195388793945
0.05020403861999512
0.0205690860748291
0.028369903564453125
0.016851186752319336
0.0460209846496582
0.03957200050354004
0.047467947006225586
0.034236907958984375
0.017707109451293945
0.01932811737060547
0.03461098670959473
0.04863405227661133
0.05938410758972168
0.07224488258361816
0.03291201591491699
0.03362107276916504
0.04104495048522949
0.03090691566467285
0.05466294288635254
0.046443939208984375
0.05760502815246582
0.047116994857788086
0.022253036499023438
0.02576589584350586
0.04399609565734863
0.05376601219177246
0.010640144348144531
0.017726898193359375
0.021866798400878906
0.03138995170593262
0.054154157638549805
0.027061939239501953
0.0305941104888916
0.031928062438964844
0.04188394546508789
0.02418208122253418
0.026639938354492188
0.06147599220275879
0.03848886489868164
0.04290294647216797
0.05102801322937012
0.036318063735961914
0.019186019897460938
0.027337074279785156
0.05138802528381348
0.02977609634399414
0.038259029388427734
0.06235814094543457
0.03564906120300293
0.07704806327819824
0.04544997215270996
0.05079007148742676
0.04555201530456543
0.05742192268371582
0.026427030563354492
0.04079413414001465
0.04962301254272461
0.0367732048034668
0.026715993881225586
0.05346989631652832
0.01666092872619629
0.0334019660949707
0.06031990051269531
0.042714834213256836
0.04142594337463379
0.04043912887573242
0.021192073822021484
0.05743908882141113
0.025665998458862305
0.030035972595214844
0.044425010681152344
0.04648089408874512
0.03203701972961426
0.021829843521118164
0.06110787391662598
0.048139095306396484
0.04431891441345215
0.04643607139587402
0.04672813415527344
0.05421900749206543
0.050241947174072266
0.05460000038146973
0.060842037200927734
0.025228023529052734
0.02742600440979004
0.021659135818481445
0.054834842681884766
0.048829078674316406
0.017302989959716797
0.02310800552368164
0.04053497314453125
0.03173184394836426
0.04509997367858887
0.05293607711791992
0.034684181213378906
0.05342507362365723
0.03132009506225586
0.022838115692138672
0.053833961486816406
0.03591585159301758
0.028456926345825195
0.015197992324829102
0.020528078079223633
0.053256988525390625
0.051223039627075195
0.01066899299621582
0.03542590141296387
0.0397639274597168
0.015935897827148438
0.020130157470703125
0.020501136779785156
0.041892051696777344
0.021070003509521484
0.03142189979553223
0.04394197463989258
0.05009794235229492
0.050160884857177734
0.02066493034362793
0.048872947692871094
0.028707027435302734
0.05299782752990723
0.028361082077026367
0.018647193908691406
0.055075883865356445
0.044798851013183594
0.05838799476623535
0.03791093826293945
0.03826403617858887
0.01326894760131836
0.042214155197143555
0.012352228164672852
0.025506973266601562
0.037322998046875
0.04064512252807617
0.015234947204589844
0.03977203369140625
0.037312984466552734
0.032351016998291016
0.042376041412353516
0.03438615798950195
0.04495406150817871
0.04551506042480469
0.02321600914001465
0.016630887985229492
0.04386401176452637
0.04764509201049805
0.057456016540527344
0.043515920639038086
0.052922964096069336
0.03810596466064453
0.025725841522216797
0.04016399383544922
0.04517698287963867
0.0248110294342041
0.01637887954711914
0.010846138000488281
0.0323328971862793
0.05456185340881348
0.04125380516052246
0.0469968318939209
0.05219101905822754
0.03609609603881836
0.045063018798828125
0.030505895614624023
0.023036956787109375
0.039813995361328125
0.022164106369018555
0.035037994384765625
0.024630069732666016
0.03969621658325195
0.0649709701538086
0.057005882263183594
0.07332491874694824
0.06750988960266113
0.03160405158996582
0.030441999435424805
0.056548118591308594
0.04511594772338867
0.009233951568603516
0.035636186599731445
0.040647029876708984
0.03349781036376953
0.02513289451599121
0.053761959075927734
0.050550222396850586
0.03643298149108887
0.043087005615234375
0.045655012130737305
0.04706287384033203
0.027418851852416992
0.016922950744628906
0.05583786964416504
0.03525710105895996
0.04047083854675293
0.040148019790649414
0.06029796600341797
0.031223058700561523
0.048979997634887695
0.026707172393798828
0.06424403190612793
0.04526495933532715
0.06941604614257812
0.05557107925415039
0.03288888931274414
0.05027413368225098
0.06158304214477539
0.013880014419555664
0.029777050018310547
0.05107402801513672
0.05134391784667969
0.048288822174072266
0.03706502914428711
0.043238162994384766
0.06099295616149902
0.015587806701660156
0.05400991439819336
0.057617902755737305
0.02945709228515625
0.05086994171142578
0.049180030822753906
0.046881914138793945
0.03380298614501953
0.027793169021606445
0.06132793426513672
0.02938079833984375
0.019919157028198242
0.016836166381835938
0.02408003807067871
0.045970916748046875
0.02221202850341797
0.027709007263183594
0.02562999725341797
0.01638484001159668
0.016208887100219727
0.026465892791748047
0.0264890193939209
0.02401590347290039
0.043788909912109375
0.011620044708251953
0.048874855041503906
0.04482698440551758
0.027087926864624023
0.05399513244628906
0.02382683753967285
0.05052590370178223
0.04153299331665039
0.05592513084411621
0.028274059295654297
0.04866600036621094
0.04375886917114258
0.018851041793823242
0.05227017402648926
0.02855086326599121
0.04383206367492676
0.025590896606445312
0.04570198059082031
0.031100988388061523
0.04392600059509277
0.05397200584411621
0.02919602394104004
0.03569388389587402
0.05683493614196777
0.016371965408325195
0.04288792610168457
0.04489588737487793
0.04813504219055176
0.0453190803527832
0.04179692268371582
0.029757022857666016
0.0438079833984375
0.04894614219665527
0.01663517951965332
0.0410768985748291
0.045185089111328125
0.04119300842285156
0.05737614631652832
0.01830005645751953
0.030907869338989258
0.02183222770690918
0.0283811092376709
0.04873991012573242
0.03367805480957031
0.025990009307861328
0.048783063888549805
0.041915178298950195
0.009135007858276367
0.05703401565551758
0.03867197036743164
0.05835890769958496
0.02409219741821289
0.057359933853149414
0.03341794013977051
0.0653069019317627
0.03407907485961914
0.046337127685546875
0.02936100959777832
0.05359601974487305
0.04679298400878906
0.0423588752746582
0.04924201965332031
0.021461963653564453
0.022372007369995117
0.024708986282348633
0.0211639404296875
0.04906511306762695
0.03714489936828613
0.04160618782043457
0.03130698204040527
0.04620480537414551
0.023941993713378906
0.04065418243408203
0.04326796531677246
0.04928088188171387
