0.061209917068481445
0.019633054733276367
0.04526495933532715
0.03244590759277344
0.027766942977905273
0.04584622383117676
0.05138206481933594
0.0077991485595703125
0.05485105514526367
0.024739980697631836
0.04770302772521973
0.05906081199645996
0.0408780574798584
0.012084007263183594
0.05193281173706055
0.051422119140625
0.03339195251464844
0.046037912368774414
0.030263900756835938
0.029401063919067383
0.050965070724487305
0.02981400489807129
0.021984100341796875
0.03744697570800781
0.040174007415771484
0.017218828201293945
0.06397795677185059
0.0500948429107666
0.04938316345214844
0.041090965270996094
0.027704954147338867
0.028810977935791016
0.03683900833129883
0.031893014907836914
0.05275297164916992
0.03470301628112793
0.04291987419128418
0.04508614540100098
0.02878284454345703
0.03610110282897949
0.024502038955688477
0.051219940185546875
0.05462193489074707
0.05326104164123535
0.020592927932739258
0.028103113174438477
0.02417612075805664
0.015303850173950195
0.04254794120788574
0.04895496368408203
0.025049924850463867
0.04808998107910156
0.04534506797790527
0.03834390640258789
0.025087833404541016
0.05418515205383301
0.029850006103515625
0.046591997146606445
0.042814016342163086
0.0502629280090332
0.05454897880554199
0.014551162719726562
0.028670072555541992
0.0393679141998291
0.06723213195800781
0.02271413803100586
0.07762885093688965
0.04828596115112305
0.04779791831970215
0.034069061279296875
0.036611080169677734
0.04081416130065918
0.028136014938354492
0.030929088592529297
0.050041913986206055
0.03947114944458008
0.028686046600341797
0.025532960891723633
0.02847886085510254
0.029356956481933594
0.05421090126037598
0.030016183853149414
0.01258087158203125
0.0413510799407959
0.04549384117126465
0.019773006439208984
0.02425694465637207
0.05052614212036133
0.05144786834716797
0.053117990493774414
0.017646074295043945
0.03232407569885254
0.06012415885925293
0.012168169021606445
0.034371137619018555
0.014557123184204102
0.015774011611938477
0.009489059448242188
0.06511998176574707
0.018131017684936523
0.0395660400390625
0.02623891830444336
0.04107499122619629
0.019468069076538086
0.046357154846191406
0.02773904800415039
0.042276859283447266
0.033041954040527344
0.019055843353271484
0.04773283004760742
0.03805398941040039
0.06340813636779785
0.035856008529663086
0.03106999397277832
0.041940927505493164
0.03460097312927246
0.04531097412109375
0.02590489387512207
0.041543006896972656
0.020678997039794922
0.04185795783996582
0.03155803680419922
0.022751808166503906
0.018425941467285156
0.049185991287231445
0.053131103515625
0.05899620056152344
0.036730051040649414
0.0417017936706543
0.03483319282531738
0.053874969482421875
0.054414987564086914
0.02003002166748047
0.03099799156188965
0.01664113998413086
0.054551124572753906
0.015440940856933594
0.049488067626953125
0.04410386085510254
0.010899066925048828
0.05301499366760254
0.040255069732666016
0.0482029914855957
0.015035152435302734
0.05218005180358887
0.008112907409667969
0.0532989501953125
0.026123046875
0.04543900489807129
0.02721095085144043
0.014238834381103516
0.04550814628601074
0.05794405937194824
0.01826000213623047
0.011854887008666992
0.061100006103515625
0.04804515838623047
0.052073001861572266
0.0475008487701416
0.046749114990234375
0.03827977180480957
0.04129600524902344
0.04807400703430176
0.04445695877075195
0.05790209770202637
0.023740053176879883
0.06190013885498047
0.03541898727416992
0.031864166259765625
0.025793075561523438
0.05414104461669922
0.021921873092651367
0.026901960372924805
0.016330957412719727
0.04577517509460449
0.041584014892578125
0.03937792778015137
0.026496171951293945
0.02186894416809082
0.015928030014038086
0.02451300621032715
0.05030703544616699
0.05042386054992676
0.030124902725219727
0.020447969436645508
0.02626490592956543
0.03136396408081055
0.04749894142150879
0.05514383316040039
0.03351116180419922
0.030270099639892578
0.04106402397155762
0.03451204299926758
0.021368980407714844
0.02589702606201172
0.04735708236694336
0.04676389694213867
0.054714202880859375
0.025252103805541992
0.04487299919128418
0.056791067123413086
0.026246070861816406
0.05731606483459473
0.033744096755981445
0.05394101142883301
0.04510188102722168
0.05348706245422363
0.0296630859375
0.06610393524169922
0.01046299934387207
0.024194002151489258
0.038390159606933594
0.038645029067993164
0.06482195854187012
0.04294085502624512
0.02767491340637207
0.02607893943786621
0.03368091583251953
0.04546093940734863
0.03849911689758301
0.04719996452331543
0.055396080017089844
0.02889108657836914
0.05423092842102051
0.05058097839355469
0.04810905456542969
0.033782005310058594
0.028104066848754883
0.04596209526062012
0.031334877014160156
0.06286191940307617
0.02457284927368164
0.026216983795166016
0.07347798347473145
0.010950088500976562
0.03486895561218262
0.03721904754638672
0.030910968780517578
0.0541989803314209
0.03736114501953125
0.027265071868896484
0.05675816535949707
0.029878854751586914
0.0210111141204834
0.02935791015625
0.01136016845703125
0.03671407699584961
0.04680514335632324
0.021763086318969727
0.05572795867919922
0.047113895416259766
0.0388338565826416
0.04435110092163086
0.026402950286865234
0.02823615074157715
0.014606952667236328
0.028606891632080078
0.0438079833984375
0.04194498062133789
0.032876014709472656
0.04007601737976074
0.04398298263549805
0.0402979850769043
0.05605506896972656
0.041020870208740234
0.039331912994384766
0.03842592239379883
0.04523801803588867
0.02847599983215332
0.049733877182006836
0.03057384490966797
0.04351687431335449
0.04914498329162598
0.04372000694274902
0.03665018081665039
0.05204415321350098
0.05454087257385254
0.05295991897583008
0.016473054885864258
0.05224895477294922
0.031113862991333008
0.07978606224060059
0.04527997970581055
0.04909396171569824
0.034462928771972656
0.027855873107910156
0.05136895179748535
0.043179988861083984
0.0204160213470459
0.04954218864440918
0.034143924713134766
0.04598879814147949
0.039624929428100586
0.04194998741149902
0.03139996528625488
0.034616947174072266
0.03477215766906738
0.028352022171020508
0.031228065490722656
0.045873165130615234
0.0351557731628418
0.03144097328186035
0.045159101486206055
0.03911995887756348
0.04584383964538574
0.02064990997314453
0.028043031692504883
0.03455519676208496
0.030138015747070312
0.02338099479675293
0.04673600196838379
0.024168014526367188
0.04198288917541504
0.013257026672363281
0.0471951961517334
0.03332114219665527
0.06896090507507324
0.027827978134155273
0.025686025619506836
0.018977880477905273
0.05267977714538574
0.039482831954956055
0.045514822006225586
0.04238390922546387
0.05787992477416992
0.021832942962646484
0.032685041427612305
0.01468205451965332
0.028661012649536133
0.0410919189453125
0.025356054306030273
0.037312984466552734
0.005715131759643555
0.04113411903381348
0.03454399108886719
0.04328417778015137
0.047688961029052734
0.035069942474365234
0.04189896583557129
0.035334110260009766
0.030779123306274414
0.0652308464050293
0.019471168518066406
0.01996302604675293
0.04938697814941406
0.016521930694580078
0.016162872314453125
0.039582014083862305
0.04605603218078613
0.0608830451965332
0.05732393264770508
0.051422834396362305
0.016265869140625
0.03432607650756836
0.047135114669799805
0.03812384605407715
0.0296938419342041
0.047215938568115234
0.029954910278320312
0.049157142639160156
0.04087090492248535
0.030247926712036133
0.06014394760131836
0.022016048431396484
0.05213308334350586
0.033837080001831055
0.04313802719116211
0.029433012008666992
0.053781986236572266
0.03603410720825195
0.04644608497619629
0.03187298774719238
0.02470993995666504
0.04139089584350586
0.07230877876281738
0.034416913986206055
0.05661511421203613
0.04568004608154297
0.04393887519836426
0.05807805061340332
0.059927940368652344
0.05678987503051758
0.030810832977294922
0.0388798713684082
0.04333901405334473
0.0374150276184082
0.0161590576171875
0.022814035415649414
0.037348031997680664
0.025393962860107422
0.059609174728393555
0.007860898971557617
0.043779850006103516
0.06190800666809082
0.053082942962646484
0.04063105583190918
0.032763004302978516
0.014641046524047852
0.01924896240234375
0.03278803825378418
0.04032111167907715
0.05547595024108887
0.038767099380493164
0.03953719139099121
0.05589604377746582
0.04884004592895508
0.04926705360412598
0.029907941818237305
0.05126810073852539
0.06697297096252441
0.04680490493774414
0.04605412483215332
0.041545867919921875
0.019866943359375
0.02061915397644043
0.027709007263183594
0.03942584991455078
0.04375004768371582
0.051603078842163086
0.015758037567138672
0.027970075607299805
0.04555106163024902
0.05567193031311035
0.044869184494018555
0.02123880386352539
0.012137889862060547
0.025548934936523438
0.045404911041259766
0.058461904525756836
0.04551291465759277
0.014300823211669922
0.048124074935913086
0.020509004592895508
0.024152040481567383
0.04473590850830078
0.04451608657836914
0.02782607078552246
0.029063940048217773
0.028567075729370117
0.02088308334350586
0.03546881675720215
0.035066843032836914
0.05285310745239258
0.05263400077819824
0.0182039737701416
0.03809189796447754
0.05298304557800293
0.05172395706176758
0.03525114059448242
0.027055978775024414
0.011492013931274414
0.03726005554199219
0.05174398422241211
0.027877092361450195
0.03795814514160156
0.03701519966125488
0.029384136199951172
0.025616168975830078
0.05585980415344238
0.04354405403137207
0.057173967361450195
0.017889976501464844
0.01947498321533203
0.05532217025756836
0.046692848205566406
0.040487051010131836
0.0364069938659668
0.054527997970581055
0.05523514747619629
0.03927111625671387
0.0386350154876709
0.012494802474975586
0.04214906692504883
0.02067399024963379
0.022795915603637695
0.07300090789794922
0.05974102020263672
0.031030893325805664
0.042024850845336914
0.04502606391906738
0.038559913635253906
0.03671908378601074
0.030237913131713867
0.04518699645996094
0.019752025604248047
0.031466007232666016
0.03132295608520508
0.04163479804992676
0.02348494529724121
0.04880809783935547
0.03289198875427246
0.0379941463470459
0.056817054748535156
0.040632009506225586
0.028223037719726562
0.05733799934387207
0.02460193634033203
0.014755010604858398
0.053858041763305664
0.039460182189941406
0.022700786590576172
0.055371999740600586
0.06204104423522949
0.03469085693359375
0.02788090705871582
0.03296089172363281
0.04896116256713867
0.04020094871520996
0.041851043701171875
0.047576904296875
0.016453981399536133
0.0490720272064209
0.05448293685913086
0.0490260124206543
0.039746999740600586
0.050772905349731445
0.05488896369934082
0.04925799369812012
0.05728292465209961
0.02423095703125
0.04062986373901367
0.03772687911987305
0.03757596015930176
0.025059938430786133
0.020735979080200195
0.017566204071044922
0.027995824813842773
0.03852987289428711
0.02470088005065918
0.03668808937072754
0.02401590347290039
0.04599618911743164
0.04530501365661621
0.05826592445373535
0.042962074279785156
0.029603004455566406
0.05286216735839844
0.019865036010742188
0.01751995086669922
0.04869794845581055
0.037635087966918945
0.012270927429199219
0.04368400573730469
0.06091904640197754
0.041081905364990234
0.049044132232666016
0.04735302925109863
0.04871010780334473
0.04198479652404785
0.013772964477539062
0.014693975448608398
0.055570125579833984
0.04524493217468262
0.03346109390258789
0.020294904708862305
0.03758883476257324
0.04208183288574219
0.048983097076416016
0.03372502326965332
0.0575408935546875
0.05112886428833008
0.02144908905029297
0.021191120147705078
0.0342259407043457
0.01948404312133789
0.04368400573730469
0.03551816940307617
0.0364229679107666
0.02797079086303711
0.013734102249145508
0.054718017578125
0.03501486778259277
0.0319209098815918
0.05507993698120117
0.03353285789489746
0.04562497138977051
0.017069101333618164
0.02705097198486328
0.04535484313964844
0.03443002700805664
0.031436920166015625
0.035582780838012695
0.03639483451843262
0.032958984375
0.02866196632385254
0.03704190254211426
0.020300865173339844
0.006666898727416992
0.019987106323242188
0.020361900329589844
0.008102893829345703
0.005537986755371094
0.0058629512786865234
0.0053250789642333984
0.004934072494506836
0.005084991455078125
0.004909992218017578
0.005095958709716797
0.004993915557861328
0.006101846694946289
