0.05588793754577637
0.029258012771606445
0.027617931365966797
0.028568029403686523
0.030099868774414062
0.0337369441986084
0.024255037307739258
0.03727316856384277
0.031032800674438477
0.0529179573059082
0.03677988052368164
0.030156850814819336
0.04582500457763672
0.034731149673461914
0.03260684013366699
0.0731348991394043
0.06079292297363281
0.05243110656738281
0.025543928146362305
0.018270015716552734
0.019400835037231445
0.05453300476074219
0.05224490165710449
0.043747901916503906
0.047509193420410156
0.04993391036987305
0.02977299690246582
0.04360008239746094
0.04316592216491699
0.03563213348388672
0.05609607696533203
0.027933120727539062
0.01898789405822754
0.03188180923461914
0.07268714904785156
0.015592813491821289
0.049250125885009766
0.03380107879638672
0.01444101333618164
0.031893014907836914
0.05204200744628906
0.017817020416259766
0.014732122421264648
0.03083205223083496
0.026237964630126953
0.04889082908630371
0.034152984619140625
0.03788495063781738
0.048892974853515625
0.04843711853027344
0.024322032928466797
0.017123937606811523
0.03450894355773926
0.04106283187866211
0.036930084228515625
0.03322196006774902
0.052355051040649414
0.02620387077331543
0.03143119812011719
0.010465145111083984
0.046330928802490234
0.05159902572631836
0.048272132873535156
0.044831037521362305
0.03689885139465332
0.020316123962402344
0.05201315879821777
0.019186973571777344
0.028850078582763672
0.04260396957397461
0.020227909088134766
0.03157210350036621
0.05341315269470215
0.030000925064086914
0.03102898597717285
0.03593301773071289
0.050642967224121094
0.057131052017211914
0.038429975509643555
0.030992984771728516
0.0192868709564209
0.04947686195373535
0.04497504234313965
0.04246807098388672
0.029813051223754883
0.014605998992919922
0.05548596382141113
0.037644147872924805
0.01598501205444336
0.03689718246459961
0.071044921875
0.024077177047729492
0.02241206169128418
0.041954994201660156
0.026247024536132812
0.044241905212402344
0.035543203353881836
0.01684403419494629
0.03551220893859863
0.026350021362304688
0.019626140594482422
0.04368996620178223
0.025117158889770508
0.051238059997558594
0.02242898941040039
0.06406688690185547
0.03840899467468262
0.03691601753234863
0.025640010833740234
0.029464006423950195
0.01183009147644043
0.05041813850402832
0.048439979553222656
0.0498049259185791
0.043025970458984375
0.035719871520996094
0.034307003021240234
0.0411069393157959
0.03445887565612793
0.044866085052490234
0.02779412269592285
0.02767014503479004
0.05887198448181152
0.04795503616333008
0.045104026794433594
0.02618694305419922
0.06071019172668457
0.023993968963623047
0.029966115951538086
0.061528921127319336
0.035125017166137695
0.02478194236755371
0.05206108093261719
0.05555009841918945
0.053856849670410156
0.04875302314758301
0.05358314514160156
0.02164292335510254
0.05919694900512695
0.04834580421447754
0.030949115753173828
0.02353501319885254
0.04844307899475098
0.013578176498413086
0.0653219223022461
0.03661704063415527
0.04124093055725098
0.03367805480957031
0.04006505012512207
0.05677485466003418
0.044126033782958984
0.0306241512298584
0.026427030563354492
0.04661917686462402
0.03759193420410156
0.019652128219604492
0.0810079574584961
0.042903900146484375
0.04608011245727539
0.05055594444274902
0.05069589614868164
0.04195117950439453
0.0417330265045166
0.021687030792236328
0.024975061416625977
0.038995981216430664
0.03544902801513672
0.019577980041503906
0.026225805282592773
0.04896807670593262
0.05421900749206543
0.03946495056152344
0.027740001678466797
0.03559994697570801
0.014996051788330078
0.021772146224975586
0.04592394828796387
0.04524993896484375
0.05718708038330078
0.014612913131713867
0.0336148738861084
0.02375197410583496
0.023913860321044922
0.029770851135253906
0.03408384323120117
0.03028702735900879
0.05653500556945801
0.055812835693359375
0.04091215133666992
0.03997015953063965
0.04762601852416992
0.061077117919921875
0.034661054611206055
0.03743600845336914
0.03836393356323242
0.035492897033691406
0.06103396415710449
0.02080988883972168
0.053256988525390625
0.05461597442626953
0.020138978958129883
0.015982866287231445
0.027873992919921875
0.034503936767578125
0.04090690612792969
0.03304696083068848
0.047566890716552734
0.05462288856506348
0.022748231887817383
0.04922199249267578
0.016516923904418945
0.029334068298339844
0.04848003387451172
0.05543398857116699
0.06608390808105469
0.0391688346862793
0.03275108337402344
0.04657697677612305
0.06316089630126953
0.030330181121826172
0.05012798309326172
0.026068925857543945
0.07897591590881348
0.0409698486328125
0.031225919723510742
0.02661919593811035
0.026157855987548828
0.03590512275695801
0.02383899688720703
0.035382986068725586
0.03839707374572754
0.03842806816101074
0.023538827896118164
0.047792911529541016
0.057296037673950195
0.03484392166137695
0.02498316764831543
0.02369093894958496
0.036277055740356445
0.02291107177734375
0.04468488693237305
0.033431053161621094
0.07888388633728027
0.049356937408447266
0.04569888114929199
0.0758810043334961
0.05216383934020996
0.028331995010375977
0.05025005340576172
0.040190935134887695
0.047528982162475586
0.054425954818725586
0.01987004280090332
0.020036935806274414
0.040873050689697266
0.048937082290649414
0.042298078536987305
0.048200130462646484
0.03194904327392578
0.047158002853393555
0.05797600746154785
0.06189608573913574
0.0478670597076416
0.02785491943359375
0.040872812271118164
0.03466796875
0.03227090835571289
0.0531458854675293
0.03495311737060547
0.04847002029418945
0.05670809745788574
0.04703497886657715
0.02350306510925293
0.06090807914733887
0.015035152435302734
0.055780887603759766
0.02932119369506836
0.01243901252746582
0.05395007133483887
0.04551887512207031
0.04445815086364746
0.03726601600646973
0.03550410270690918
0.04080390930175781
0.03291797637939453
0.05153608322143555
0.054718017578125
0.03629016876220703
0.060926198959350586
0.03245210647583008
0.03781890869140625
0.052741050720214844
0.041210174560546875
0.06949305534362793
0.06400799751281738
0.04719090461730957
0.05787301063537598
0.02831411361694336
0.05353188514709473
0.050106048583984375
0.031089067459106445
0.03101515769958496
0.03702497482299805
0.04233407974243164
0.04733896255493164
0.04387998580932617
0.03428912162780762
0.017789840698242188
0.050872087478637695
0.05075812339782715
0.05287289619445801
0.06157493591308594
0.013862848281860352
0.025035858154296875
0.04812788963317871
0.009504079818725586
0.01674485206604004
0.01629495620727539
0.04838204383850098
0.05112195014953613
0.03142595291137695
0.024457931518554688
0.014080047607421875
0.051019906997680664
0.0314021110534668
0.039711952209472656
0.053106069564819336
0.04971003532409668
0.02685403823852539
0.029393911361694336
0.018763065338134766
0.039793968200683594
0.05006694793701172
0.0377500057220459
0.040307044982910156
0.04105710983276367
0.052728891372680664
0.048583984375
0.03591203689575195
0.014588117599487305
0.03340792655944824
0.023721933364868164
0.0463869571685791
0.051687002182006836
0.04417085647583008
0.03629493713378906
0.04298996925354004
0.018165111541748047
0.05408191680908203
0.06758594512939453
0.02856612205505371
0.04224801063537598
0.03319978713989258
0.016028881072998047
0.024244070053100586
0.0383601188659668
0.02290797233581543
0.04499411582946777
0.028510093688964844
0.028239011764526367
0.039526939392089844
0.04263901710510254
0.02521514892578125
0.03914594650268555
0.053559064865112305
0.04492497444152832
0.045874834060668945
0.05136299133300781
0.0328679084777832
0.03301405906677246
0.030616044998168945
0.041194915771484375
0.014670848846435547
0.0367128849029541
0.05330204963684082
0.06584906578063965
0.061141014099121094
0.04858899116516113
0.031906843185424805
0.012083768844604492
0.025656938552856445
0.05448794364929199
0.04314708709716797
0.03925204277038574
0.054078102111816406
0.04559803009033203
0.03480792045593262
0.031655073165893555
0.033226966857910156
0.011254072189331055
0.02932286262512207
0.027818918228149414
0.03069901466369629
0.018737077713012695
0.023941993713378906
0.019984960556030273
0.010138988494873047
0.008322954177856445
0.0541079044342041
0.04970908164978027
0.036149024963378906
0.07278990745544434
0.03810620307922363
0.01547694206237793
0.01840496063232422
0.0622258186340332
0.03890705108642578
0.041986942291259766
0.022787809371948242
0.014925956726074219
0.05340123176574707
0.029904842376708984
0.053050994873046875
0.041435956954956055
0.014692068099975586
0.05074191093444824
0.029929161071777344
0.042523860931396484
0.025696992874145508
0.03817892074584961
0.020169973373413086
0.032852888107299805
0.04955887794494629
0.041313886642456055
0.058187007904052734
0.06093597412109375
0.04037904739379883
0.04850912094116211
0.04067111015319824
0.04595685005187988
0.020678043365478516
0.02301502227783203
0.05392003059387207
0.032935142517089844
0.03819012641906738
0.02262282371520996
0.01842498779296875
0.05081915855407715
0.03514289855957031
0.05313920974731445
0.05320906639099121
0.023539066314697266
0.05788779258728027
0.04495811462402344
0.03476595878601074
0.051158905029296875
0.022113800048828125
0.03269219398498535
0.05530190467834473
0.02116990089416504
0.05715608596801758
0.03766298294067383
0.04635906219482422
0.018316984176635742
0.016467809677124023
0.030067920684814453
0.0383150577545166
0.057254791259765625
0.04875802993774414
0.053691864013671875
0.04908919334411621
0.06042790412902832
0.0440220832824707
0.0480959415435791
0.02991199493408203
0.04775810241699219
0.02097606658935547
0.02550482749938965
0.0585939884185791
0.05136609077453613
0.033576011657714844
0.03010702133178711
0.044126033782958984
0.04478001594543457
0.034681081771850586
0.037821054458618164
0.025708913803100586
0.0476839542388916
0.021361112594604492
0.054531097412109375
0.02739095687866211
0.03480219841003418
0.04199790954589844
0.03375697135925293
0.03548717498779297
0.01654982566833496
0.03016495704650879
0.024344921112060547
0.046137094497680664
0.0416111946105957
0.01511383056640625
0.02746295928955078
0.026190996170043945
0.05091691017150879
0.05346393585205078
0.052922964096069336
0.041413068771362305
0.0578920841217041
0.032527923583984375
0.024489879608154297
0.029256820678710938
0.04834389686584473
0.015574932098388672
0.04779195785522461
0.05971384048461914
0.02250194549560547
0.03358888626098633
0.03244495391845703
0.02768397331237793
0.024744033813476562
0.044940948486328125
0.0161740779876709
0.05130600929260254
0.022587060928344727
0.02457904815673828
0.02501082420349121
0.033064842224121094
0.030031919479370117
0.024450063705444336
0.053689002990722656
0.03815484046936035
0.0297238826751709
0.03227996826171875
0.0404210090637207
0.033711910247802734
0.03017115592956543
0.033727169036865234
0.02555704116821289
0.05364394187927246
0.014014005661010742
0.05266213417053223
0.05763506889343262
0.06920194625854492
0.03613686561584473
0.012753963470458984
0.0365910530090332
0.04142618179321289
0.03738594055175781
0.03263401985168457
0.014613151550292969
0.02498912811279297
0.01651597023010254
0.043843984603881836
0.04059410095214844
0.05980706214904785
0.04262280464172363
0.0578618049621582
0.024573087692260742
0.04756593704223633
0.03512096405029297
0.028255939483642578
0.060253143310546875
0.04554104804992676
0.023463964462280273
0.048829078674316406
0.02969217300415039
0.060491085052490234
0.06095099449157715
0.027996063232421875
0.03799700736999512
0.03539609909057617
0.02701711654663086
0.05516505241394043
0.03167080879211426
0.04926896095275879
0.0515289306640625
0.04350399971008301
0.028410911560058594
0.04585099220275879
0.04959297180175781
0.0527651309967041
0.04109501838684082
0.03180694580078125
0.01617288589477539
0.02059197425842285
0.04890084266662598
0.0325169563293457
0.04005098342895508
0.049239158630371094
0.030236005783081055
0.044738054275512695
0.01679205894470215
0.05031180381774902
0.060098886489868164
0.03202986717224121
0.0695030689239502
0.04954195022583008
0.028988122940063477
0.060398101806640625
0.06043100357055664
0.015498161315917969
0.025883197784423828
0.019260883331298828
0.017982959747314453
0.018187999725341797
0.015316009521484375
0.021368026733398438
0.0069561004638671875
0.020621776580810547
0.005682945251464844
