0.036522865295410156
0.04284095764160156
0.02162790298461914
0.014657974243164062
0.06505203247070312
0.023147106170654297
0.028357982635498047
0.029773950576782227
0.04206204414367676
0.018460988998413086
0.02871108055114746
0.05134081840515137
0.01583695411682129
0.03040599822998047
0.056774139404296875
0.0214388370513916
0.02180194854736328
0.025634765625
0.02324390411376953
0.02029109001159668
0.01575493812561035
0.02781200408935547
0.037142038345336914
0.04953193664550781
0.041892051696777344
0.01380610466003418
0.024671077728271484
0.018280982971191406
0.010935068130493164
0.03729414939880371
0.02462315559387207
0.04704594612121582
0.053202152252197266
0.028836965560913086
0.049504995346069336
0.030308961868286133
0.04405999183654785
0.030245065689086914
0.020276784896850586
0.03636002540588379
0.046914100646972656
0.024183034896850586
0.0305020809173584
0.0475618839263916
0.038496971130371094
0.06912088394165039
0.020075082778930664
0.05392098426818848
0.036811113357543945
0.05287814140319824
0.033380985260009766
0.04030203819274902
0.04648900032043457
0.01953577995300293
0.020862102508544922
0.05283403396606445
0.029993057250976562
0.07507777214050293
0.04196000099182129
0.0536189079284668
0.04941201210021973
0.053256988525390625
0.04341006278991699
0.03433704376220703
0.03330802917480469
0.044317007064819336
0.041142940521240234
0.046526193618774414
0.048130035400390625
0.04313397407531738
0.02448296546936035
0.04162907600402832
0.052932024002075195
0.048872947692871094
0.0540618896484375
0.029603958129882812
0.03967785835266113
0.015507936477661133
0.05716514587402344
0.02594590187072754
0.04159712791442871
0.03215909004211426
0.048211097717285156
0.036974191665649414
0.03955888748168945
0.02931499481201172
0.07013511657714844
0.06534600257873535
0.013473987579345703
0.028369903564453125
0.04593086242675781
0.05170798301696777
0.03202199935913086
0.025021076202392578
0.04502701759338379
0.04468417167663574
0.051301002502441406
0.015635013580322266
0.040782928466796875
0.04232311248779297
0.042948007583618164
0.04640078544616699
0.04443192481994629
0.030440092086791992
0.04852914810180664
0.05117511749267578
0.03168606758117676
0.046012163162231445
0.0542140007019043
0.05556297302246094
0.05851888656616211
0.053193092346191406
0.060212135314941406
0.024139881134033203
0.03459811210632324
0.03310203552246094
0.03549504280090332
0.04025006294250488
0.04935503005981445
0.03646993637084961
0.03769993782043457
0.03506112098693848
0.0689551830291748
0.04429006576538086
0.02970099449157715
0.04185199737548828
0.023874998092651367
0.03180384635925293
0.033241987228393555
0.035900115966796875
0.04823589324951172
0.01593494415283203
0.04163503646850586
0.0688619613647461
0.03777813911437988
0.031562089920043945
0.032186031341552734
0.031230926513671875
0.0276639461517334
0.03594708442687988
0.027962923049926758
0.024300098419189453
0.017752885818481445
0.02092885971069336
0.031504154205322266
0.04694318771362305
0.016206026077270508
0.06447196006774902
0.05102801322937012
0.052027225494384766
0.028708934783935547
0.0344080924987793
0.021969079971313477
0.03408217430114746
0.038327932357788086
0.04807019233703613
0.03682208061218262
0.037930965423583984
0.021032094955444336
0.03633904457092285
0.022194862365722656
0.05194497108459473
0.038645029067993164
0.018414020538330078
0.038290977478027344
0.04623007774353027
0.04250192642211914
0.03482699394226074
0.029191017150878906
0.023447036743164062
0.04887890815734863
0.0480189323425293
0.024738073348999023
0.05287504196166992
0.04219388961791992
0.024008989334106445
0.02698516845703125
0.03520011901855469
0.018449068069458008
0.053034067153930664
0.02272510528564453
0.04503893852233887
0.04050493240356445
0.051834821701049805
0.03910207748413086
0.01634502410888672
0.03072500228881836
0.03948020935058594
0.04538393020629883
0.02423405647277832
0.04548501968383789
0.03666996955871582
0.034687042236328125
0.03622603416442871
0.04608893394470215
0.033210039138793945
0.0480499267578125
0.051351070404052734
0.04030013084411621
0.05053520202636719
0.02534198760986328
0.011929988861083984
0.03739285469055176
0.04702591896057129
0.01835799217224121
0.06352591514587402
0.03323101997375488
0.020637035369873047
0.03793907165527344
0.046973228454589844
0.040886878967285156
0.046987056732177734
0.061096906661987305
0.042938947677612305
0.06552815437316895
0.034770965576171875
0.031026840209960938
0.03935980796813965
0.04925799369812012
0.048059940338134766
0.012132883071899414
0.03402590751647949
0.014189004898071289
0.034423112869262695
0.04328513145446777
0.05584716796875
0.04877209663391113
0.01834416389465332
0.05159306526184082
0.029078006744384766
0.04964900016784668
0.02850508689880371
0.029613018035888672
0.03503894805908203
0.05395698547363281
0.03077101707458496
0.0424351692199707
0.0410768985748291
0.027428865432739258
0.0471951961517334
0.022203922271728516
0.0519709587097168
0.0397489070892334
0.03490805625915527
0.01747608184814453
0.018969058990478516
0.010573863983154297
0.036427974700927734
0.0260469913482666
0.06500101089477539
0.030147075653076172
0.025812864303588867
0.038789987564086914
0.050582170486450195
0.0384218692779541
0.034240007400512695
0.044816017150878906
0.0187680721282959
0.024137020111083984
0.04701495170593262
0.04967999458312988
0.03566312789916992
0.030304908752441406
0.02590012550354004
0.0509340763092041
0.036850929260253906
0.03250598907470703
0.026165008544921875
0.04615378379821777
0.011811971664428711
0.027784109115600586
0.034989118576049805
0.03076004981994629
0.024219036102294922
0.04538106918334961
0.02668595314025879
0.04526996612548828
0.034861087799072266
0.04994487762451172
0.03885602951049805
0.038500070571899414
0.05193686485290527
0.035269975662231445
0.036949872970581055
0.03770709037780762
0.03003692626953125
0.0315098762512207
0.03530097007751465
0.05439305305480957
0.010535001754760742
0.05371499061584473
0.04452204704284668
0.0381779670715332
0.02336907386779785
0.03462100028991699
0.021795988082885742
0.0476529598236084
0.022696971893310547
0.04590296745300293
0.020083189010620117
0.024132966995239258
0.045896053314208984
0.05422210693359375
0.05366992950439453
0.0618131160736084
0.023387908935546875
0.014533042907714844
0.02947711944580078
0.034533023834228516
0.024304866790771484
0.03955698013305664
0.05360293388366699
0.02510380744934082
0.036756038665771484
0.02373504638671875
0.04178595542907715
0.015298128128051758
0.012534856796264648
0.05341005325317383
0.037657976150512695
0.03658604621887207
0.02730107307434082
0.04774188995361328
0.05318093299865723
0.02494192123413086
0.030321121215820312
0.046792030334472656
0.033004045486450195
0.04062604904174805
0.03714799880981445
0.0541379451751709
0.02127814292907715
0.06583189964294434
0.021641016006469727
0.033061981201171875
0.02461981773376465
0.02646493911743164
0.03052997589111328
0.03946995735168457
0.02172994613647461
0.03507113456726074
0.056864023208618164
0.043235063552856445
0.04159998893737793
0.04393196105957031
0.05730104446411133
0.02817702293395996
0.05731987953186035
0.05000901222229004
0.0509641170501709
0.020032882690429688
0.030518054962158203
0.026551008224487305
0.05498790740966797
0.03853011131286621
0.05039095878601074
0.02619481086730957
0.05418992042541504
0.053442955017089844
0.032208919525146484
0.037278175354003906
0.026011943817138672
0.041647911071777344
0.025502920150756836
0.038713932037353516
0.03239011764526367
0.0582737922668457
0.03541302680969238
0.03813290596008301
0.06073498725891113
0.05574393272399902
0.04484200477600098
0.01928400993347168
0.043260812759399414
0.03294801712036133
0.027055025100708008
0.014365196228027344
0.02620697021484375
0.025648117065429688
0.04541611671447754
0.022246122360229492
0.051831960678100586
0.024160146713256836
0.04095602035522461
0.020374059677124023
0.023894786834716797
0.04680299758911133
0.05175590515136719
0.029983043670654297
0.05582714080810547
0.0236968994140625
0.02460479736328125
0.038305044174194336
0.034091949462890625
0.038861989974975586
0.07122683525085449
0.04038190841674805
0.04579806327819824
0.006536960601806641
0.011640071868896484
0.019726991653442383
0.028912067413330078
0.04446291923522949
0.04033303260803223
0.04640483856201172
0.05390787124633789
0.030292987823486328
0.049661874771118164
0.034143924713134766
0.018264055252075195
0.04564499855041504
0.047070980072021484
0.025910139083862305
0.021416187286376953
0.020706892013549805
0.04145622253417969
0.014312028884887695
0.04555392265319824
0.061788082122802734
0.032835960388183594
0.029165029525756836
0.03130984306335449
0.03526616096496582
0.023846149444580078
0.032881975173950195
0.05136299133300781
0.018212080001831055
0.04558300971984863
0.061708927154541016
0.030614137649536133
0.048954010009765625
0.04726004600524902
0.041081905364990234
0.03064107894897461
0.040884971618652344
0.0323641300201416
0.04636096954345703
0.040823936462402344
0.054840803146362305
0.053034067153930664
0.04530501365661621
0.014698028564453125
0.04693198204040527
0.040944814682006836
0.043170928955078125
0.014642953872680664
0.06171917915344238
0.05441117286682129
0.02349090576171875
0.022973060607910156
0.057235002517700195
0.019230127334594727
0.022190093994140625
0.03686094284057617
0.027662038803100586
0.011475086212158203
0.030565977096557617
0.030125856399536133
0.034915924072265625
0.039530038833618164
0.01642322540283203
0.03357195854187012
0.03876996040344238
0.051262855529785156
0.028235197067260742
0.041361093521118164
0.05306196212768555
0.04975008964538574
0.07168197631835938
0.02575397491455078
0.05282402038574219
0.030338048934936523
0.05417990684509277
0.011838912963867188
0.031877994537353516
0.04997682571411133
0.04006505012512207
0.042656898498535156
0.047718048095703125
0.03807997703552246
0.04883289337158203
0.03368091583251953
0.06214404106140137
0.02526688575744629
0.03928112983703613
0.03350400924682617
0.018640995025634766
0.05922102928161621
0.02821803092956543
0.03929901123046875
0.03145313262939453
0.025426864624023438
0.05190896987915039
0.02182602882385254
0.03425288200378418
0.024673938751220703
0.03152585029602051
0.026981830596923828
0.032876014709472656
0.02773284912109375
0.041175127029418945
0.027924060821533203
0.04112601280212402
0.040621042251586914
0.04413795471191406
0.05372500419616699
0.007415056228637695
0.03761911392211914
0.04488992691040039
0.044003963470458984
0.025814056396484375
0.0346379280090332
0.023067951202392578
0.036177873611450195
0.020344972610473633
0.05505990982055664
0.04112505912780762
0.039949893951416016
0.058183908462524414
0.022350072860717773
0.04514002799987793
0.03272604942321777
0.04048800468444824
0.03540205955505371
0.030647993087768555
0.04779314994812012
0.032663822174072266
0.04950690269470215
0.03155207633972168
0.02896881103515625
0.030691146850585938
0.052052974700927734
0.03258395195007324
0.05349111557006836
0.02628803253173828
0.016299009323120117
0.05487704277038574
0.019970178604125977
0.024741172790527344
0.014735937118530273
0.04980611801147461
0.037950992584228516
0.04191303253173828
0.031388044357299805
0.045931100845336914
0.041593074798583984
0.02650904655456543
0.044816017150878906
0.014241933822631836
0.05905485153198242
0.01885986328125
0.053981781005859375
0.04825901985168457
0.05132102966308594
0.06095004081726074
0.04029512405395508
0.05179405212402344
0.03162193298339844
0.04710197448730469
0.02329707145690918
0.014940023422241211
0.05993485450744629
0.018774032592773438
0.016367197036743164
0.057129859924316406
0.045082807540893555
0.029394865036010742
0.048367977142333984
0.04395413398742676
0.048445940017700195
0.0462498664855957
0.04412388801574707
0.01665210723876953
0.039370059967041016
0.02333211898803711
0.03402900695800781
0.041243791580200195
0.0493319034576416
0.01920294761657715
0.029239892959594727
0.06937599182128906
0.0323939323425293
0.03799581527709961
0.048519134521484375
0.040573835372924805
0.0315709114074707
0.04912090301513672
0.045873165130615234
0.029736042022705078
0.028152942657470703
0.0264129638671875
0.0469059944152832
0.06051993370056152
0.015720844268798828
0.03605008125305176
0.014556884765625
0.0332949161529541
0.03316187858581543
0.03254508972167969
0.03275704383850098
