0.05566906929016113
0.03014397621154785
0.027076005935668945
0.060977935791015625
0.0605618953704834
0.04937601089477539
0.043073177337646484
0.041535139083862305
0.044883012771606445
0.02345585823059082
0.02873396873474121
0.03152012825012207
0.042819976806640625
0.04042696952819824
0.037069082260131836
0.03468585014343262
0.024205923080444336
0.05411887168884277
0.05418801307678223
0.04327511787414551
0.021222829818725586
0.045478105545043945
0.04686880111694336
0.04965686798095703
0.021159887313842773
0.02981114387512207
0.06345605850219727
0.06897497177124023
0.014083147048950195
0.04518008232116699
0.027920961380004883
0.02379298210144043
0.028416156768798828
0.033215999603271484
0.061161041259765625
0.010795831680297852
0.014211177825927734
0.02474212646484375
0.05675005912780762
0.029480934143066406
0.047944068908691406
0.019752979278564453
0.0312039852142334
0.038346052169799805
0.032888174057006836
0.05081605911254883
0.029916048049926758
0.028176069259643555
0.04346513748168945
0.03143501281738281
0.023308992385864258
0.03679513931274414
0.043537139892578125
0.055459022521972656
0.037863969802856445
0.038336992263793945
0.01238107681274414
0.01524496078491211
0.039832115173339844
0.04098987579345703
0.03695487976074219
0.02420186996459961
0.023324966430664062
0.029901981353759766
0.053089141845703125
0.024207115173339844
0.04898691177368164
0.04368305206298828
0.042925119400024414
0.024524927139282227
0.027822017669677734
0.03270888328552246
0.0369868278503418
0.028810977935791016
0.05720114707946777
0.044235944747924805
0.05797290802001953
0.016241073608398438
0.05507302284240723
0.023507118225097656
0.03422403335571289
0.021967172622680664
0.032656192779541016
0.023518800735473633
0.05443000793457031
0.04830217361450195
0.044512033462524414
0.01624298095703125
0.03079080581665039
0.03981518745422363
0.027185916900634766
0.03504800796508789
0.053585052490234375
0.039810895919799805
0.0310971736907959
0.011087179183959961
0.04121899604797363
0.05560302734375
0.017968177795410156
0.024883031845092773
0.03900408744812012
0.05681109428405762
0.03996610641479492
0.06864213943481445
0.05211901664733887
0.04532909393310547
0.03464388847351074
0.03826618194580078
0.04143095016479492
0.02072310447692871
0.029649972915649414
0.031327009201049805
0.032865047454833984
0.04343700408935547
0.04730701446533203
0.0350649356842041
0.04740500450134277
0.04405999183654785
0.03869891166687012
0.044252872467041016
0.04351210594177246
0.057884931564331055
0.022977113723754883
0.05103898048400879
0.055821895599365234
0.03922605514526367
0.05246877670288086
0.010614871978759766
0.05271005630493164
0.051338911056518555
0.024695873260498047
0.04676699638366699
0.05833601951599121
0.030271053314208984
0.05977010726928711
0.04054093360900879
0.041330814361572266
0.04752779006958008
0.050238847732543945
0.02925395965576172
0.0269930362701416
0.020116090774536133
0.037065982818603516
0.010751008987426758
0.041131019592285156
0.05432701110839844
0.04368901252746582
0.02318596839904785
0.038545846939086914
0.01919698715209961
0.03508400917053223
0.04705619812011719
0.026343107223510742
0.036299943923950195
0.054017066955566406
0.03160977363586426
0.049080848693847656
0.04618191719055176
0.020606040954589844
0.05331611633300781
0.03228497505187988
0.02533102035522461
0.03269600868225098
0.03776907920837402
0.05357789993286133
0.028056859970092773
0.025043964385986328
0.016392946243286133
0.023727893829345703
0.04284405708312988
0.046803951263427734
0.05513906478881836
0.016661882400512695
0.03152799606323242
0.06151914596557617
0.04137301445007324
0.045517921447753906
0.020676851272583008
0.05130505561828613
0.011649131774902344
0.010833978652954102
0.040611982345581055
0.03730893135070801
0.03967690467834473
0.027209997177124023
0.04983997344970703
0.05238199234008789
0.0653679370880127
0.03585004806518555
0.05978703498840332
0.02506113052368164
0.050134897232055664
0.054512977600097656
0.045794010162353516
0.010979890823364258
0.05903792381286621
0.04930305480957031
0.065460205078125
0.06082510948181152
0.053259849548339844
0.05179119110107422
0.07602214813232422
0.02997303009033203
0.019479036331176758
0.012273788452148438
0.02562093734741211
0.049710988998413086
0.01660299301147461
0.06131601333618164
0.06126284599304199
0.0552670955657959
0.02541208267211914
0.056346893310546875
0.0432889461517334
0.04080796241760254
0.02975296974182129
0.01829814910888672
0.04584217071533203
0.057186126708984375
0.0246429443359375
0.03764200210571289
0.03306317329406738
0.030605077743530273
0.05135798454284668
0.03150486946105957
0.02760481834411621
0.03229784965515137
0.05376005172729492
0.026218891143798828
0.051036834716796875
0.012902021408081055
0.044975996017456055
0.05692887306213379
0.05372500419616699
0.0238950252532959
0.0608220100402832
0.036149024963378906
0.04516291618347168
0.052863121032714844
0.042550086975097656
0.03618597984313965
0.03189897537231445
0.033711910247802734
0.06954312324523926
0.018368959426879883
0.03544306755065918
0.03184103965759277
0.026898860931396484
0.03253889083862305
0.03178000450134277
0.019843101501464844
0.03278493881225586
0.04091000556945801
0.04717516899108887
0.03791999816894531
0.0318140983581543
0.04988694190979004
0.038208961486816406
0.027168989181518555
0.0341949462890625
0.051548004150390625
0.03288602828979492
0.019929170608520508
0.02525496482849121
0.07976412773132324
0.03894186019897461
0.044152021408081055
0.02936100959777832
0.04336810111999512
0.061274051666259766
0.03281116485595703
0.045578956604003906
0.027777910232543945
0.023272991180419922
0.032354116439819336
0.0282289981842041
0.053407907485961914
0.0601809024810791
0.049330949783325195
0.0662088394165039
0.05974912643432617
0.02686595916748047
0.044255971908569336
0.05455589294433594
0.016685009002685547
0.033622026443481445
0.03608107566833496
0.04081606864929199
0.0582427978515625
0.032620906829833984
0.049314022064208984
0.056246042251586914
0.0397791862487793
0.044467926025390625
0.03803610801696777
0.02782917022705078
0.009711980819702148
0.03306412696838379
0.04140305519104004
0.053106069564819336
0.02384185791015625
0.01788496971130371
0.025503873825073242
0.03644704818725586
0.041725873947143555
0.020995140075683594
0.057891845703125
0.055130958557128906
0.03764200210571289
0.03208112716674805
0.03989291191101074
0.030977964401245117
0.030436992645263672
0.03466796875
0.027632951736450195
0.04177713394165039
0.060404062271118164
0.05440998077392578
0.02192401885986328
0.02248096466064453
0.0431971549987793
0.0309450626373291
0.015508890151977539
0.03426003456115723
0.055552005767822266
0.02335500717163086
0.05620098114013672
0.030643939971923828
0.04744386672973633
0.0490570068359375
0.02069997787475586
0.05338096618652344
0.03155803680419922
0.03987598419189453
0.05035901069641113
0.03310585021972656
0.03519105911254883
0.05547809600830078
0.035633087158203125
0.040318965911865234
0.048209190368652344
0.042153120040893555
0.04247283935546875
0.05379891395568848
0.022715091705322266
0.027888774871826172
0.052153825759887695
0.033555030822753906
0.022568941116333008
0.03231215476989746
0.04798388481140137
0.014404058456420898
0.03290295600891113
0.026950836181640625
0.06608009338378906
0.026207923889160156
0.05092906951904297
0.03616690635681152
0.05716705322265625
0.028100967407226562
0.02645397186279297
0.013628005981445312
0.05782008171081543
0.05703091621398926
0.03262495994567871
0.03232002258300781
0.029378890991210938
0.04701399803161621
0.013988018035888672
0.02983689308166504
0.04706287384033203
0.010357856750488281
0.008402109146118164
0.012133121490478516
0.046525001525878906
0.04605913162231445
0.02318596839904785
0.022387027740478516
0.04851794242858887
0.024637937545776367
0.04265904426574707
0.04449105262756348
0.03907489776611328
0.04889512062072754
0.028584003448486328
0.04342198371887207
0.028600215911865234
0.06437182426452637
0.05516505241394043
0.014432191848754883
0.03193998336791992
0.03034186363220215
0.013070106506347656
0.04169487953186035
0.04667305946350098
0.04320693016052246
0.037978172302246094
0.03800010681152344
0.04927206039428711
0.046029090881347656
0.0230410099029541
0.028427839279174805
0.04501795768737793
0.029157161712646484
0.057847023010253906
0.04007315635681152
0.029940128326416016
0.0244901180267334
0.03434109687805176
0.044901132583618164
0.03931784629821777
0.04613685607910156
0.051245927810668945
0.03661203384399414
0.036444902420043945
0.02542901039123535
0.03715991973876953
0.023201942443847656
0.03299713134765625
0.03270697593688965
0.04776501655578613
0.04127001762390137
0.024168014526367188
0.04002714157104492
0.0327150821685791
0.026905059814453125
0.03582477569580078
0.04375410079956055
0.053479909896850586
0.05156302452087402
0.032180070877075195
0.05433011054992676
0.04917407035827637
0.03651714324951172
0.04874706268310547
0.020089149475097656
0.05580592155456543
0.024247169494628906
0.04274892807006836
0.05068612098693848
0.025568008422851562
0.019684791564941406
0.03168892860412598
0.021429061889648438
0.03157687187194824
0.03435802459716797
0.033479928970336914
0.047017812728881836
0.04704904556274414
0.02917194366455078
0.06059694290161133
0.05293011665344238
0.05202889442443848
0.04893803596496582
0.05359601974487305
0.04831409454345703
0.0481410026550293
0.038858890533447266
0.04488205909729004
0.05790591239929199
0.01668381690979004
0.02771615982055664
0.05033683776855469
0.041007041931152344
0.028970956802368164
0.038194894790649414
0.05512690544128418
0.040564775466918945
0.0422520637512207
0.04333686828613281
0.0690460205078125
0.02803492546081543
0.03156590461730957
0.05544590950012207
0.04753303527832031
0.03372907638549805
0.050872087478637695
0.03186202049255371
0.01735401153564453
0.06499314308166504
0.03242301940917969
0.02963399887084961
0.0247189998626709
0.03896903991699219
0.04401993751525879
0.05069112777709961
0.037197113037109375
0.03960990905761719
0.0323028564453125
0.056123971939086914
0.04369807243347168
0.045651912689208984
0.05899691581726074
0.02435779571533203
0.035552024841308594
0.05286097526550293
0.02387404441833496
0.047844886779785156
0.031134843826293945
0.02672886848449707
0.04212594032287598
0.03391098976135254
0.03538203239440918
0.03452491760253906
0.027340173721313477
0.015522003173828125
0.05521583557128906
0.0527651309967041
0.014028787612915039
0.04106593132019043
0.06408977508544922
0.0437469482421875
0.01967477798461914
0.051763057708740234
0.0390009880065918
0.02035212516784668
0.04512810707092285
0.027981996536254883
0.0674281120300293
0.038105010986328125
0.03410196304321289
0.023811817169189453
0.06305813789367676
0.03857088088989258
0.03936409950256348
0.0521550178527832
0.04806017875671387
0.031006813049316406
0.04534292221069336
0.06193399429321289
0.04515218734741211
0.023108959197998047
0.047392845153808594
0.02719902992248535
0.05413103103637695
0.04846000671386719
0.026884078979492188
0.02302408218383789
0.033319950103759766
0.053514957427978516
0.021576881408691406
0.026890993118286133
0.0469970703125
0.0573270320892334
0.031022071838378906
0.050436973571777344
0.032959938049316406
0.03599691390991211
0.04907703399658203
0.04020810127258301
0.02984905242919922
0.0404360294342041
0.06226086616516113
0.015179872512817383
0.05396699905395508
0.022294998168945312
0.022808074951171875
0.048616886138916016
0.022639036178588867
0.05029702186584473
0.02459096908569336
0.03670096397399902
0.02815103530883789
0.04838299751281738
0.03137612342834473
0.05765509605407715
0.045938968658447266
0.0382390022277832
0.028825044631958008
0.053442955017089844
0.04110598564147949
0.04584693908691406
0.020750999450683594
0.041387081146240234
0.05439114570617676
0.061659812927246094
0.01259613037109375
0.027840852737426758
0.0538020133972168
0.041352033615112305
0.04948616027832031
0.05129289627075195
0.03651690483093262
0.038194894790649414
0.03603506088256836
0.0402989387512207
0.027564048767089844
0.05201601982116699
0.048989057540893555
0.046425819396972656
0.03970909118652344
0.05024385452270508
0.023780107498168945
0.034461021423339844
0.01388406753540039
0.012290000915527344
0.03218817710876465
0.02989506721496582
0.039453983306884766
0.05376100540161133
