0.06917500495910645
0.020286083221435547
0.01796102523803711
0.04083108901977539
0.03431296348571777
0.06337094306945801
0.05483889579772949
0.08352184295654297
0.04699587821960449
0.014550924301147461
0.017973899841308594
0.013326168060302734
0.020121097564697266
0.046478986740112305
0.04004812240600586
0.0371551513671875
0.040534019470214844
0.04145097732543945
0.029693126678466797
0.028442859649658203
0.02231597900390625
0.05042910575866699
0.0452730655670166
0.0688471794128418
0.04213714599609375
0.03902697563171387
0.06268811225891113
0.0508730411529541
0.049883127212524414
0.04889392852783203
0.044715166091918945
0.015285015106201172
0.01709604263305664
0.059252023696899414
0.05987191200256348
0.05801701545715332
0.04500389099121094
0.05697894096374512
0.022895097732543945
0.031219959259033203
0.05434393882751465
0.013839006423950195
0.045567989349365234
0.03268313407897949
0.045311927795410156
0.05338406562805176
0.02255988121032715
0.04636096954345703
0.04225015640258789
0.03597307205200195
0.03645801544189453
0.02195882797241211
0.04752492904663086
0.0542299747467041
0.04929685592651367
0.05660891532897949
0.033744096755981445
0.03767108917236328
0.012567996978759766
0.04162192344665527
0.01196599006652832
0.04094099998474121
0.03472399711608887
0.024108171463012695
0.03719496726989746
0.03980898857116699
0.024296998977661133
0.04540705680847168
0.041625022888183594
0.04597210884094238
0.031016826629638672
0.04396700859069824
0.027530193328857422
0.04399514198303223
0.05266690254211426
0.03503704071044922
0.021206140518188477
0.04092884063720703
0.02151799201965332
0.059793949127197266
0.04916501045227051
0.0579378604888916
0.05122995376586914
0.043244123458862305
0.05315995216369629
0.03043508529663086
0.015381097793579102
0.029098033905029297
0.03311014175415039
0.024405956268310547
0.06084799766540527
0.05649304389953613
0.04308295249938965
0.032685041427612305
0.053566932678222656
0.0355379581451416
0.06485319137573242
0.045538902282714844
0.03513693809509277
0.030719995498657227
0.049011945724487305
0.040550947189331055
0.04494309425354004
0.053381919860839844
0.01302194595336914
0.045555830001831055
0.04954791069030762
0.022129058837890625
0.0393521785736084
0.049883127212524414
0.03811001777648926
0.04412508010864258
0.024491071701049805
0.04503297805786133
0.03926801681518555
0.03069591522216797
0.03170180320739746
0.0629889965057373
0.028697967529296875
0.03991508483886719
0.025923967361450195
0.04345703125
0.05802297592163086
0.05154705047607422
0.042546987533569336
0.033041954040527344
0.01660013198852539
0.03322792053222656
0.028197050094604492
0.025866985321044922
0.06064891815185547
0.06324315071105957
0.06325101852416992
0.03765296936035156
0.026836872100830078
0.05707192420959473
0.058511972427368164
0.013936042785644531
0.026960134506225586
0.02223682403564453
0.03531789779663086
0.034040212631225586
0.045979976654052734
0.03345084190368652
0.0413360595703125
0.023823022842407227
0.04347991943359375
0.03515291213989258
0.04940199851989746
0.04093289375305176
0.04189896583557129
0.02873396873474121
0.02590203285217285
0.014403820037841797
0.03142881393432617
0.02889394760131836
0.017577171325683594
0.012485027313232422
0.04982399940490723
0.021461963653564453
0.0465087890625
0.015829801559448242
0.04778599739074707
0.05087780952453613
0.03631591796875
0.03205108642578125
0.053011178970336914
0.06108593940734863
0.03885197639465332
0.04596400260925293
0.04464006423950195
0.014058113098144531
0.04512786865234375
0.04414796829223633
0.017513036727905273
0.025488853454589844
0.03456997871398926
0.03135204315185547
0.031861066818237305
0.03451395034790039
0.04305601119995117
0.05330085754394531
0.04524397850036621
0.0388028621673584
0.023610830307006836
0.02362203598022461
0.04306912422180176
0.047232866287231445
0.04419398307800293
0.028596162796020508
0.01641702651977539
0.05612993240356445
0.02813100814819336
0.05224108695983887
0.01634502410888672
0.04144001007080078
0.022708892822265625
0.021748065948486328
0.04252886772155762
0.02383899688720703
0.05685710906982422
0.05926799774169922
0.045974016189575195
0.03192710876464844
0.04474687576293945
0.038784027099609375
0.015779972076416016
0.02703404426574707
0.01755809783935547
0.051126956939697266
0.04322504997253418
0.0203859806060791
0.0313410758972168
0.034271955490112305
0.028842926025390625
0.03883099555969238
0.03974509239196777
0.04710793495178223
0.02349400520324707
0.02064800262451172
0.04406118392944336
0.05635690689086914
0.051275014877319336
0.043337106704711914
0.0140228271484375
0.015635967254638672
0.01833796501159668
0.0349581241607666
0.026628971099853516
0.030907869338989258
0.03352212905883789
0.03483390808105469
0.03468894958496094
0.030215024948120117
0.05465817451477051
0.044595956802368164
0.024498939514160156
0.033612966537475586
0.016516923904418945
0.05788707733154297
0.023545026779174805
0.04783010482788086
0.04752182960510254
0.045007944107055664
0.036231040954589844
0.019828081130981445
0.040502071380615234
0.048892974853515625
0.04990196228027344
0.01810479164123535
0.04577994346618652
0.01993393898010254
0.01939988136291504
0.03323793411254883
0.020682811737060547
0.04475092887878418
0.03369593620300293
0.03574180603027344
0.027441024780273438
0.0337371826171875
0.014168024063110352
0.04367184638977051
0.042031049728393555
0.053800106048583984
0.03509783744812012
0.028677940368652344
0.019926071166992188
0.031026840209960938
0.05347609519958496
0.041457176208496094
0.021261930465698242
0.03304719924926758
0.04089498519897461
0.03397107124328613
0.010881900787353516
0.03475213050842285
0.03591489791870117
0.033978939056396484
0.014353036880493164
0.021375179290771484
0.051735877990722656
0.038500070571899414
0.04496908187866211
0.04485011100769043
0.014367103576660156
0.049794912338256836
0.026604890823364258
0.028625011444091797
0.04555511474609375
0.05609488487243652
0.02718806266784668
0.047141075134277344
0.03001093864440918
0.05106306076049805
0.053037166595458984
0.03854703903198242
0.023622989654541016
0.02196192741394043
0.007105827331542969
0.012918949127197266
0.031199932098388672
0.03503608703613281
0.04690194129943848
0.044027090072631836
0.034101009368896484
0.02733302116394043
0.04156899452209473
0.03672504425048828
0.03705000877380371
0.04923510551452637
0.023128986358642578
0.04844498634338379
0.022236108779907227
0.031189918518066406
0.02462005615234375
0.06508207321166992
0.05386209487915039
0.032611846923828125
0.04103207588195801
0.03987312316894531
0.031122922897338867
0.04094409942626953
0.04918503761291504
0.046504974365234375
0.0527799129486084
0.049447059631347656
0.05504107475280762
0.05540585517883301
0.032221078872680664
0.03319287300109863
0.04672408103942871
0.04364514350891113
0.03609299659729004
0.04845595359802246
0.03121209144592285
0.0365910530090332
0.06535005569458008
0.027985811233520508
0.04147219657897949
0.02419304847717285
0.051512956619262695
0.061205148696899414
0.06556010246276855
0.028562068939208984
0.03474593162536621
0.04186701774597168
0.024454832077026367
0.03275704383850098
0.06511187553405762
0.04832315444946289
0.03825807571411133
0.026820898056030273
0.041565895080566406
0.03903388977050781
0.021142005920410156
0.024152040481567383
0.012681961059570312
0.05976700782775879
0.03488302230834961
0.01777195930480957
0.04439902305603027
0.0383298397064209
0.02213287353515625
0.03982806205749512
0.02052903175354004
0.031636953353881836
0.04734683036804199
0.02362990379333496
0.035505056381225586
0.061055898666381836
0.05475616455078125
0.02705693244934082
0.0367588996887207
0.025516986846923828
0.02345585823059082
0.026968955993652344
0.01530003547668457
0.03452587127685547
0.01807403564453125
0.016072988510131836
0.03220510482788086
0.035166025161743164
0.03896307945251465
0.025419950485229492
0.04552793502807617
0.050676822662353516
0.04167008399963379
0.052896976470947266
0.0338129997253418
0.058212995529174805
0.03765082359313965
0.026753902435302734
0.06589102745056152
0.0258028507232666
0.02074909210205078
0.022901058197021484
0.03104686737060547
0.013890981674194336
0.05289316177368164
0.04040217399597168
0.0653221607208252
0.026751995086669922
0.05308389663696289
0.022092819213867188
0.04887104034423828
0.012209892272949219
0.031064987182617188
0.03281402587890625
0.026790142059326172
0.0466458797454834
0.01214909553527832
0.016080141067504883
0.06319093704223633
0.05302596092224121
0.014158964157104492
0.039602041244506836
0.012686967849731445
0.0524141788482666
0.03890585899353027
0.0578920841217041
0.04463601112365723
0.05783700942993164
0.024219036102294922
0.048433780670166016
0.016829967498779297
0.044194936752319336
0.027215003967285156
0.04000210762023926
0.04397702217102051
0.03764915466308594
0.03526592254638672
0.05713486671447754
0.033164024353027344
0.04148101806640625
0.024379968643188477
0.027173995971679688
0.026504993438720703
0.03236198425292969
0.0482177734375
0.06846499443054199
0.05172395706176758
0.035887956619262695
0.03949594497680664
0.055638790130615234
0.06287717819213867
0.06125617027282715
0.040209054946899414
0.05109000205993652
0.04502296447753906
0.021394968032836914
0.024142980575561523
0.01223301887512207
0.0772240161895752
0.030241966247558594
0.03594684600830078
0.05276799201965332
0.04210495948791504
0.028912067413330078
0.03779006004333496
0.026449918746948242
0.026787996292114258
0.053117990493774414
0.037526845932006836
0.024653911590576172
0.042745113372802734
0.03634905815124512
0.05434417724609375
0.013632059097290039
0.028925180435180664
0.04834604263305664
0.045374155044555664
0.053098201751708984
0.039340972900390625
0.050924062728881836
0.047393798828125
0.015352964401245117
0.026797056198120117
0.02876901626586914
0.0318140983581543
0.06054496765136719
0.0340578556060791
0.031080007553100586
0.041265010833740234
0.040985107421875
0.02754497528076172
0.06486201286315918
0.05660390853881836
0.03858208656311035
0.03215312957763672
0.03948092460632324
0.05221700668334961
0.03283214569091797
0.03910517692565918
0.04407095909118652
0.012660980224609375
0.011182069778442383
0.024519920349121094
0.048666954040527344
0.05039691925048828
0.06918501853942871
0.04132795333862305
0.03993105888366699
0.0449068546295166
0.024470090866088867
0.03198099136352539
0.04950881004333496
0.0553741455078125
0.04589700698852539
0.03484392166137695
0.046173810958862305
0.02132701873779297
0.04497408866882324
0.05096697807312012
0.04030585289001465
0.05134415626525879
0.023405075073242188
0.02618098258972168
0.02663898468017578
0.06539011001586914
0.04994320869445801
0.02461385726928711
0.03519392013549805
0.052944183349609375
0.04686999320983887
0.013004064559936523
0.04912400245666504
0.04588913917541504
0.044795989990234375
0.03166985511779785
0.01326894760131836
0.04547286033630371
0.04081106185913086
0.05826091766357422
0.06400513648986816
0.024302959442138672
0.029436111450195312
0.043972015380859375
0.05134105682373047
0.04997992515563965
0.018661975860595703
0.016362905502319336
0.022341012954711914
0.017274141311645508
0.04369401931762695
0.03311300277709961
0.05204200744628906
0.021492958068847656
0.03988504409790039
0.025018930435180664
0.020386934280395508
0.027012109756469727
0.02901482582092285
0.04141998291015625
0.03924298286437988
0.05057501792907715
0.008392095565795898
0.035221099853515625
0.04531502723693848
0.04303717613220215
0.04163718223571777
0.027265071868896484
0.042115211486816406
0.061187028884887695
0.024350881576538086
0.04165005683898926
0.02539992332458496
0.048419952392578125
0.0460209846496582
0.021943092346191406
0.029777050018310547
0.026990890502929688
0.05398082733154297
0.04228401184082031
0.05460405349731445
0.04950284957885742
0.023355960845947266
0.03361105918884277
0.04700493812561035
0.008675098419189453
0.028916120529174805
0.042510032653808594
0.06728601455688477
0.010361909866333008
0.04706907272338867
0.014703989028930664
0.05962491035461426
0.0416259765625
0.022513866424560547
0.03129386901855469
0.016164064407348633
0.02498793601989746
0.047202110290527344
0.028335094451904297
0.013805866241455078
0.01386713981628418
0.05311989784240723
0.029582977294921875
0.035874128341674805
0.03493905067443848
0.03931307792663574
