0.010788202285766602
0.008383035659790039
0.00699305534362793
0.006963014602661133
0.006834983825683594
0.00707697868347168
0.007333993911743164
0.007223844528198242
0.0069200992584228516
0.0065190792083740234
0.00646209716796875
0.007197856903076172
0.00658106803894043
0.006701946258544922
0.00662684440612793
0.0065479278564453125
0.006807088851928711
0.006777048110961914
0.0065631866455078125
0.007025003433227539
0.0077168941497802734
0.006724834442138672
0.006639003753662109
0.007055997848510742
0.006559133529663086
0.00665593147277832
0.00693511962890625
0.0069239139556884766
0.0071408748626708984
0.00680994987487793
0.006914854049682617
0.006819009780883789
0.0069010257720947266
0.007157802581787109
0.007060050964355469
0.006915092468261719
0.012031078338623047
0.006767988204956055
0.006727933883666992
0.006691932678222656
0.007244110107421875
0.006723165512084961
0.0071849822998046875
0.00713801383972168
0.007458925247192383
0.006824970245361328
0.006989002227783203
0.007013082504272461
0.0068929195404052734
0.0069408416748046875
