0.07055902481079102
0.02473306655883789
0.03191399574279785
0.013188838958740234
0.057639122009277344
0.06446599960327148
0.022028207778930664
0.03773689270019531
0.031828880310058594
0.07342004776000977
0.03223705291748047
0.06348705291748047
0.014713048934936523
0.039376020431518555
0.021670818328857422
0.05310797691345215
0.015388965606689453
0.04694008827209473
0.051941871643066406
0.03409719467163086
0.03227591514587402
0.03243684768676758
0.019900083541870117
0.04311990737915039
0.03776907920837402
0.030996084213256836
0.038719892501831055
0.014259099960327148
0.0342710018157959
0.025223970413208008
0.020381927490234375
0.05722308158874512
0.04153895378112793
0.055830955505371094
0.03669595718383789
0.0501248836517334
0.018716812133789062
0.0384068489074707
0.022739887237548828
0.02383112907409668
0.02301192283630371
0.01810598373413086
0.016653060913085938
0.026385068893432617
0.04184317588806152
0.04442405700683594
0.0497281551361084
0.050791025161743164
0.027534008026123047
0.03467679023742676
0.024178028106689453
0.0515751838684082
0.03103804588317871
0.03116583824157715
0.02262091636657715
0.03565478324890137
0.03394508361816406
0.034087181091308594
0.048187971115112305
0.019589900970458984
0.024389982223510742
0.033648014068603516
0.04934120178222656
0.034529924392700195
0.037526845932006836
0.027209997177124023
0.03449392318725586
0.026909828186035156
0.016170978546142578
0.0366671085357666
0.032343149185180664
0.02001786231994629
0.025467872619628906
0.05100202560424805
0.024389028549194336
0.031054973602294922
0.03891611099243164
0.05332803726196289
0.04805588722229004
0.04708099365234375
0.03677511215209961
0.04199481010437012
0.045248985290527344
0.06483316421508789
0.029484033584594727
0.027625083923339844
0.04490303993225098
0.045079946517944336
0.016621112823486328
0.023792028427124023
0.02829289436340332
0.014764070510864258
0.04046201705932617
0.049299001693725586
0.05097699165344238
0.005950927734375
0.05370211601257324
0.010464906692504883
0.030638933181762695
0.03937411308288574
0.025846004486083984
0.030080080032348633
0.03772091865539551
0.017941951751708984
0.059005022048950195
0.03401494026184082
0.014585018157958984
0.04114699363708496
0.04037594795227051
0.04519009590148926
0.02050018310546875
0.0427248477935791
0.0632789134979248
0.041706085205078125
0.05173611640930176
0.016347885131835938
0.06192588806152344
0.02388286590576172
0.033818960189819336
0.02162003517150879
0.04859113693237305
0.006285905838012695
0.02986598014831543
0.04826092720031738
0.022053956985473633
0.031388044357299805
0.01835799217224121
0.07109594345092773
0.01966404914855957
0.010363101959228516
0.03232693672180176
0.03577089309692383
0.018551111221313477
0.024650096893310547
0.05327892303466797
0.03621482849121094
0.035455942153930664
0.024059057235717773
0.040853023529052734
0.022292137145996094
0.010385990142822266
0.04091382026672363
0.024296998977661133
0.024767160415649414
0.04972505569458008
0.04403400421142578
0.05005288124084473
0.04511594772338867
0.02468705177307129
0.029371976852416992
0.016002893447875977
0.06299805641174316
0.01447916030883789
0.029211044311523438
0.038140058517456055
0.015152931213378906
0.021677017211914062
0.026237010955810547
0.047080039978027344
0.05694913864135742
0.04640793800354004
0.021867990493774414
0.049687862396240234
0.04807901382446289
0.03674006462097168
0.06880712509155273
0.01842498779296875
0.035527944564819336
0.03438878059387207
0.02063608169555664
0.03980517387390137
0.03523087501525879
0.05613899230957031
0.04227089881896973
0.046772003173828125
0.0519719123840332
0.04499387741088867
0.04787015914916992
0.03678607940673828
0.030280113220214844
0.023659944534301758
0.016210079193115234
0.02820897102355957
0.035238027572631836
0.04749703407287598
0.041513919830322266
0.048996925354003906
0.03537106513977051
0.0736241340637207
0.03486204147338867
0.04011797904968262
0.03177690505981445
0.024351119995117188
0.06341695785522461
0.03890585899353027
0.04522109031677246
0.05145096778869629
0.03362417221069336
0.03946399688720703
0.05260610580444336
0.04599285125732422
0.0728600025177002
0.05148601531982422
0.020083904266357422
0.0691828727722168
0.036499977111816406
0.03454399108886719
0.06849408149719238
0.05820202827453613
0.02708888053894043
0.05249500274658203
0.04243206977844238
0.022581100463867188
0.041001081466674805
0.017856836318969727
0.03714394569396973
0.03785300254821777
0.062248945236206055
0.053761959075927734
0.014930009841918945
0.04808402061462402
0.0332179069519043
0.04538607597351074
0.04433798789978027
0.03254103660583496
0.029001951217651367
0.03078603744506836
0.010040998458862305
0.025124073028564453
0.04910707473754883
0.023214101791381836
0.030276060104370117
0.011520862579345703
0.038932085037231445
0.04441189765930176
0.0252840518951416
0.04992508888244629
0.03525900840759277
0.04471611976623535
0.01957392692565918
0.04490208625793457
0.02941417694091797
0.013593912124633789
0.030868053436279297
0.027853965759277344
0.03733992576599121
0.05157589912414551
0.01609015464782715
0.042436838150024414
0.026726961135864258
0.02377605438232422
0.052841901779174805
0.04162311553955078
0.028151988983154297
0.04333209991455078
0.05420684814453125
0.04068803787231445
0.02784419059753418
0.05298113822937012
0.05035996437072754
0.04247593879699707
0.018737077713012695
0.053453922271728516
0.02233290672302246
0.051364898681640625
0.07610607147216797
0.029320955276489258
0.03794693946838379
0.04838109016418457
0.014727115631103516
0.010570049285888672
0.04549407958984375
0.05767321586608887
0.0481719970703125
0.04156994819641113
0.052001953125
0.030730009078979492
0.04799509048461914
0.0348200798034668
0.04623103141784668
0.04478597640991211
0.060791969299316406
0.030553817749023438
0.03811311721801758
0.005761861801147461
0.045725107192993164
0.03259897232055664
0.04447817802429199
0.05061507225036621
0.04542183876037598
0.017622947692871094
0.05323004722595215
0.04456806182861328
0.04981589317321777
0.0358281135559082
0.04111909866333008
0.03432106971740723
0.049575090408325195
0.04298996925354004
0.008495807647705078
0.027485132217407227
0.041697025299072266
0.0472569465637207
0.041651010513305664
0.03462505340576172
0.054325103759765625
0.05658888816833496
0.039069175720214844
0.024096012115478516
0.029582977294921875
0.012519121170043945
0.05869102478027344
0.0360260009765625
0.03694415092468262
0.028197050094604492
0.03939390182495117
0.04575300216674805
0.03970003128051758
0.05155801773071289
0.028570890426635742
0.03613901138305664
0.0489048957824707
0.03877401351928711
0.05227804183959961
0.05146193504333496
0.03985595703125
0.03684186935424805
0.03067803382873535
0.044970035552978516
0.03825998306274414
0.018707990646362305
0.043402910232543945
0.01397705078125
0.051136016845703125
0.04489302635192871
0.05711102485656738
0.04549002647399902
0.01637578010559082
0.047625064849853516
0.0551450252532959
0.028764963150024414
0.030091047286987305
0.024397850036621094
0.057971954345703125
0.01602005958557129
0.037085771560668945
0.02695298194885254
0.03751182556152344
0.019630908966064453
0.025756120681762695
0.04058384895324707
0.023543119430541992
0.009088993072509766
0.032318830490112305
0.05787801742553711
0.045723915100097656
0.03700900077819824
0.039743900299072266
0.019403934478759766
0.028918027877807617
0.06515097618103027
0.03213310241699219
0.03357291221618652
0.023734092712402344
0.04397392272949219
0.06598687171936035
0.02823805809020996
0.023303985595703125
0.03648495674133301
0.04484081268310547
0.041520118713378906
0.02633500099182129
0.02787017822265625
0.04967808723449707
0.06243109703063965
0.02336716651916504
0.03076314926147461
0.05313706398010254
0.03804802894592285
0.02431511878967285
0.04448413848876953
0.016373157501220703
0.024369001388549805
0.055665016174316406
0.04544496536254883
0.02397322654724121
0.031091928482055664
0.025480031967163086
0.043045997619628906
0.036988019943237305
0.03383684158325195
0.04767608642578125
0.05444502830505371
0.04404497146606445
0.03232598304748535
0.00780797004699707
0.03378701210021973
0.008566856384277344
0.04233217239379883
0.044962167739868164
0.031912803649902344
0.027748823165893555
0.051527976989746094
0.030571937561035156
0.05083918571472168
0.031597137451171875
0.045252084732055664
0.05626702308654785
0.0486299991607666
0.03458404541015625
0.031607866287231445
0.04535102844238281
0.05321002006530762
0.04378104209899902
0.044975996017456055
0.03856992721557617
0.05442094802856445
0.020123004913330078
0.020776987075805664
0.051587820053100586
0.027378082275390625
0.04913187026977539
0.03423714637756348
0.04039907455444336
0.03725290298461914
0.03458809852600098
0.028132915496826172
0.04485011100769043
0.014428853988647461
0.04837489128112793
0.027287006378173828
0.03371000289916992
0.03144407272338867
0.07304501533508301
0.055603981018066406
0.05519294738769531
0.05047607421875
0.02044510841369629
0.05431389808654785
0.05010199546813965
0.0077898502349853516
0.04506993293762207
0.029577970504760742
0.024139881134033203
0.01622915267944336
0.0375211238861084
0.03937697410583496
0.059819936752319336
0.04166007041931152
0.039018869400024414
0.04424905776977539
0.029796838760375977
0.06307291984558105
0.030327796936035156
0.03690505027770996
0.02484583854675293
0.03214716911315918
0.02666306495666504
0.01778388023376465
0.04851794242858887
0.05959486961364746
0.0480198860168457
0.03373408317565918
0.02131199836730957
0.07107901573181152
0.024199962615966797
0.027894973754882812
0.028322935104370117
0.04902291297912598
0.048284053802490234
0.045497894287109375
0.017768144607543945
0.06354784965515137
0.06094098091125488
0.03127312660217285
0.04446005821228027
0.03367280960083008
0.041355133056640625
0.013437032699584961
0.014079093933105469
0.03876304626464844
0.026726961135864258
0.026727914810180664
0.03974795341491699
0.052893877029418945
0.018739938735961914
0.03232312202453613
0.022408008575439453
0.055619001388549805
0.05566215515136719
0.029262065887451172
0.033627986907958984
0.04631686210632324
0.0425419807434082
0.02690601348876953
0.021461009979248047
0.04085111618041992
0.03220701217651367
0.013824939727783203
0.042294979095458984
0.011986970901489258
0.033822059631347656
0.049867868423461914
0.06058001518249512
0.03512883186340332
0.04877805709838867
0.038285017013549805
0.04454803466796875
0.03953289985656738
0.03495597839355469
0.008365869522094727
0.04125499725341797
0.005841970443725586
0.01644301414489746
0.041461944580078125
0.020670175552368164
0.034323930740356445
0.03966689109802246
0.04719996452331543
0.02378392219543457
0.0381929874420166
0.014575958251953125
0.03487110137939453
0.03366494178771973
0.034268856048583984
0.04492998123168945
0.05518984794616699
0.04314899444580078
0.033915042877197266
0.013442039489746094
0.018556833267211914
0.059201955795288086
0.015123128890991211
0.02858281135559082
0.05234098434448242
0.0211789608001709
0.010338068008422852
0.03751993179321289
0.01390218734741211
0.052744150161743164
0.04930710792541504
0.05260896682739258
0.041439056396484375
0.02848505973815918
0.036132097244262695
0.016642093658447266
0.018251895904541016
0.0474090576171875
0.029508113861083984
0.03629112243652344
0.04302501678466797
0.045690059661865234
0.028701066970825195
0.0488889217376709
0.053665876388549805
0.023656845092773438
0.05381298065185547
0.02820897102355957
0.048914194107055664
0.04453682899475098
0.03521108627319336
0.04560589790344238
0.01610398292541504
0.013245820999145508
0.05636000633239746
0.04392099380493164
0.053231000900268555
0.04322004318237305
0.05072498321533203
0.04834699630737305
0.053822994232177734
0.05010795593261719
0.03825879096984863
0.04805707931518555
0.04966115951538086
0.0281069278717041
0.04017496109008789
0.03803205490112305
0.014156818389892578
0.03005504608154297
0.03598189353942871
0.034210920333862305
0.05505490303039551
0.01487112045288086
0.016561031341552734
0.027987003326416016
0.04577207565307617
0.04204416275024414
0.03636002540588379
0.03535103797912598
0.04542088508605957
0.022058963775634766
0.015362024307250977
0.024490833282470703
0.025350093841552734
0.03223419189453125
0.021544933319091797
0.020247936248779297
0.006036996841430664
0.005435943603515625
