0.06348609924316406
0.03906106948852539
0.05731201171875
0.03518795967102051
0.0321810245513916
0.034442901611328125
0.027958154678344727
0.036276817321777344
0.047865867614746094
0.034327030181884766
0.01639103889465332
0.03966403007507324
0.046421051025390625
0.02027606964111328
0.052098989486694336
0.03119802474975586
0.023613929748535156
0.030762910842895508
0.04787707328796387
0.023707151412963867
0.029180049896240234
0.025923967361450195
0.014009952545166016
0.05087399482727051
0.029993057250976562
0.03235197067260742
0.03427600860595703
0.054814815521240234
0.022047996520996094
0.014950037002563477
0.05001211166381836
0.03495001792907715
0.06437397003173828
0.04943084716796875
0.04535698890686035
0.06391716003417969
0.035565853118896484
0.012156963348388672
0.04149985313415527
0.03238701820373535
0.023458003997802734
0.03673100471496582
0.05293679237365723
0.0646219253540039
0.016175031661987305
0.049198150634765625
0.04119110107421875
0.024070024490356445
0.01930093765258789
0.04195404052734375
0.05516695976257324
0.016247987747192383
0.02756500244140625
0.0383000373840332
0.024039030075073242
0.020287036895751953
0.019997119903564453
0.013723134994506836
0.0323030948638916
0.040786027908325195
0.04158306121826172
0.022189855575561523
0.018687963485717773
0.03930997848510742
0.056485891342163086
0.009869098663330078
0.014143943786621094
0.04910898208618164
0.01869487762451172
0.013760089874267578
0.03467392921447754
0.04521989822387695
0.04827094078063965
0.03094792366027832
0.039743900299072266
0.032785892486572266
0.023860931396484375
0.021735191345214844
0.02519702911376953
0.023591995239257812
0.04842400550842285
0.050367116928100586
0.05561208724975586
0.04004406929016113
0.03292202949523926
0.0262908935546875
0.058036088943481445
0.0313260555267334
0.044476985931396484
0.04560494422912598
0.03689408302307129
0.036062002182006836
0.056925058364868164
0.022325992584228516
0.06334400177001953
0.02423691749572754
0.024264097213745117
0.014724016189575195
0.044447898864746094
0.05589604377746582
0.041777849197387695
0.06339788436889648
0.02627086639404297
0.025442123413085938
0.04003405570983887
0.018687009811401367
0.04622793197631836
0.0362849235534668
0.026839017868041992
0.07423090934753418
0.06310510635375977
0.03868508338928223
0.03833508491516113
0.03802800178527832
0.03811287879943848
0.03841209411621094
0.018344879150390625
0.052205801010131836
0.04538106918334961
0.0571751594543457
0.05216097831726074
0.06227898597717285
0.03952288627624512
0.051744937896728516
0.019505023956298828
0.014200925827026367
0.05499696731567383
0.027117013931274414
0.06293296813964844
0.04347395896911621
0.025307178497314453
0.025902986526489258
0.01832103729248047
0.03731894493103027
0.023648977279663086
0.0378260612487793
0.06447887420654297
0.040509939193725586
0.0349421501159668
0.043315887451171875
0.03697085380554199
0.05288195610046387
0.025619029998779297
0.02853703498840332
0.032724857330322266
0.027743101119995117
0.04038691520690918
0.03673195838928223
0.01547384262084961
0.05809593200683594
0.05351591110229492
0.04983997344970703
0.021639108657836914
0.06749105453491211
0.040303945541381836
0.05438709259033203
0.0257720947265625
0.05242919921875
0.046092987060546875
0.0577700138092041
0.0540919303894043
0.04291415214538574
0.03249502182006836
0.048583984375
0.05304908752441406
0.05742812156677246
0.043231964111328125
0.04983806610107422
0.030668020248413086
0.035935163497924805
0.021629810333251953
0.02791905403137207
0.026582002639770508
0.01434016227722168
0.018983125686645508
0.06220602989196777
0.030859947204589844
0.04521512985229492
0.05356001853942871
0.034123897552490234
0.02902817726135254
0.0474848747253418
0.03742480278015137
0.031221866607666016
0.027746915817260742
0.028514862060546875
0.04245710372924805
0.04706406593322754
0.01813983917236328
0.055253028869628906
0.03067302703857422
0.040762901306152344
0.024476051330566406
0.05162787437438965
0.03607916831970215
0.05386996269226074
0.05112814903259277
0.04717206954956055
0.023409128189086914
0.013170957565307617
0.037286996841430664
0.05382394790649414
0.060159921646118164
0.03634786605834961
0.0467681884765625
0.05521583557128906
0.03965592384338379
0.036363840103149414
0.05430293083190918
0.01650404930114746
0.021673202514648438
0.0483551025390625
0.015774965286254883
0.021942138671875
0.026410818099975586
0.04952096939086914
0.03908205032348633
0.06529617309570312
0.019835948944091797
0.054023027420043945
0.04498791694641113
0.052937984466552734
0.046898841857910156
0.03467679023742676
0.03872489929199219
0.04921913146972656
0.033683061599731445
0.05183696746826172
0.05860495567321777
0.017566919326782227
0.03341388702392578
0.04944896697998047
0.04511690139770508
0.034121036529541016
0.033844947814941406
0.05299687385559082
0.045532941818237305
0.032666921615600586
0.015696048736572266
0.04642486572265625
0.038244009017944336
0.04758906364440918
0.05449986457824707
0.03772282600402832
0.05385899543762207
0.054016828536987305
0.04064488410949707
0.02878403663635254
0.057229042053222656
0.03251910209655762
0.06389284133911133
0.04055500030517578
0.03537487983703613
0.04274892807006836
0.0497438907623291
0.03371596336364746
0.04915499687194824
0.029635906219482422
0.01967597007751465
0.02298903465270996
0.04140901565551758
0.03765702247619629
0.03328680992126465
0.04893803596496582
0.023720979690551758
0.02847909927368164
0.05375218391418457
0.05383491516113281
0.04625988006591797
0.0325620174407959
0.05404496192932129
0.020376920700073242
0.05184483528137207
0.06775188446044922
0.04453301429748535
0.06180405616760254
0.045033931732177734
0.029392004013061523
0.024502038955688477
0.020351886749267578
0.054183006286621094
0.04487299919128418
0.03350496292114258
0.05342888832092285
0.04011702537536621
0.02307581901550293
0.05186915397644043
0.03595614433288574
0.05392098426818848
0.037271976470947266
0.04980778694152832
0.050787925720214844
0.03673505783081055
0.04370713233947754
0.02019977569580078
0.04730391502380371
0.03866696357727051
0.033653974533081055
0.06390500068664551
0.024569034576416016
0.023875951766967773
0.030261993408203125
0.016414880752563477
0.026747941970825195
0.05274796485900879
0.04136490821838379
0.009270906448364258
0.007372856140136719
0.0575718879699707
0.034948110580444336
0.060209035873413086
0.06935811042785645
0.05750608444213867
0.040866851806640625
0.024820804595947266
0.023248910903930664
0.039569854736328125
0.03791403770446777
0.032929182052612305
0.029371023178100586
0.02606797218322754
0.05023503303527832
0.013773918151855469
0.05183696746826172
0.05732297897338867
0.03486299514770508
0.018542051315307617
0.05865907669067383
0.034642934799194336
0.04165387153625488
0.04798388481140137
0.042632102966308594
0.00925898551940918
0.0226900577545166
0.05101585388183594
0.02213907241821289
0.04438304901123047
0.04913806915283203
0.043727874755859375
0.02530694007873535
0.02999091148376465
0.04164290428161621
0.04933285713195801
0.04482579231262207
0.05539512634277344
0.03079509735107422
0.03780484199523926
0.02426886558532715
0.023782968521118164
0.05684304237365723
0.045404911041259766
0.04639697074890137
0.04691004753112793
0.044313907623291016
0.05588507652282715
0.05828499794006348
0.04219698905944824
0.01377105712890625
0.04525613784790039
0.02287006378173828
0.019490957260131836
0.06570100784301758
0.05036306381225586
0.05031085014343262
0.03211498260498047
0.024333953857421875
0.04203295707702637
0.051290035247802734
0.028082847595214844
0.030328035354614258
0.04856586456298828
0.013437032699584961
0.02444005012512207
0.04950118064880371
0.03217005729675293
0.0540008544921875
0.04164004325866699
0.03299713134765625
0.037445068359375
0.026744842529296875
0.013631820678710938
0.0428318977355957
0.024927139282226562
0.054991960525512695
0.030745983123779297
0.027014970779418945
0.030265092849731445
0.015205860137939453
0.05541110038757324
0.04846692085266113
0.05076098442077637
0.03318190574645996
0.030408143997192383
0.058451175689697266
0.03174018859863281
0.05394411087036133
0.05439305305480957
0.03362011909484863
0.01908397674560547
0.055882930755615234
0.015743017196655273
0.03786110877990723
0.04753279685974121
0.048635005950927734
0.06820321083068848
0.02920699119567871
0.03735208511352539
0.03960299491882324
0.013484001159667969
0.041047096252441406
0.02630615234375
0.07748699188232422
0.05552196502685547
0.037798166275024414
0.05316305160522461
0.01797199249267578
0.053919076919555664
0.05748295783996582
0.03713202476501465
0.045339107513427734
0.02871394157409668
0.029857158660888672
0.0466160774230957
0.024432897567749023
0.05391693115234375
0.025223970413208008
0.052932024002075195
0.04967188835144043
0.03799915313720703
0.055027008056640625
0.047775983810424805
0.022233009338378906
0.02231287956237793
0.030939102172851562
0.04126381874084473
0.03974604606628418
0.032855987548828125
0.05112004280090332
0.026597976684570312
0.04017305374145508
0.033212900161743164
0.014013051986694336
0.015626907348632812
0.04111981391906738
0.038066864013671875
0.047775983810424805
0.06701111793518066
0.031223773956298828
0.03594207763671875
0.045024871826171875
0.04052114486694336
0.05229592323303223
0.034767866134643555
0.03177690505981445
0.05105900764465332
0.03171992301940918
0.02398204803466797
0.051789045333862305
0.05658292770385742
0.0779409408569336
0.03206801414489746
0.028134822845458984
0.030821800231933594
0.03314709663391113
0.03282880783081055
0.028881072998046875
0.022916078567504883
0.016011953353881836
0.031022071838378906
0.023907899856567383
0.03554797172546387
0.029478073120117188
0.0345761775970459
0.05925416946411133
0.030256986618041992
0.05858898162841797
0.04970097541809082
0.04720807075500488
0.015507936477661133
0.014168977737426758
0.030138015747070312
0.04507589340209961
0.026031017303466797
0.04843306541442871
0.04616212844848633
0.020722150802612305
0.023260116577148438
0.03792905807495117
0.06327199935913086
0.04766106605529785
0.05938887596130371
0.03691697120666504
0.038179874420166016
0.05833888053894043
0.03188896179199219
0.025611162185668945
0.0326390266418457
0.012722015380859375
0.024168014526367188
0.027302026748657227
0.054318904876708984
0.04528999328613281
0.04117298126220703
0.055541038513183594
0.08298707008361816
0.03338503837585449
0.030881166458129883
0.02911996841430664
0.027313947677612305
0.039839982986450195
0.05612587928771973
0.03285098075866699
0.037322998046875
0.0351560115814209
0.013544082641601562
0.06348419189453125
0.0226590633392334
0.014235973358154297
0.0516209602355957
0.03565502166748047
0.049957990646362305
0.025316953659057617
0.05275607109069824
0.03430294990539551
0.03420209884643555
0.03613591194152832
0.025450944900512695
0.040695905685424805
0.0494229793548584
0.014945030212402344
0.030014991760253906
0.05002903938293457
0.047445058822631836
0.0325469970703125
0.04040813446044922
0.06303811073303223
0.02701592445373535
0.04680204391479492
0.0372769832611084
0.06186699867248535
0.05256199836730957
0.03821992874145508
0.042387962341308594
0.03025507926940918
0.04023909568786621
0.01858806610107422
0.04332900047302246
0.03982686996459961
0.03911280632019043
0.012659072875976562
0.0400850772857666
0.029208898544311523
0.023761987686157227
0.044458866119384766
0.024567842483520508
0.016366958618164062
0.03494596481323242
0.022930145263671875
0.02336287498474121
0.05722498893737793
0.01687908172607422
0.030544042587280273
0.013655900955200195
0.03403496742248535
0.02387714385986328
0.028790950775146484
0.04135012626647949
0.04636693000793457
0.056317806243896484
0.02460622787475586
0.014517068862915039
0.05156993865966797
0.05439114570617676
0.05505800247192383
0.03419899940490723
0.013898849487304688
0.04156613349914551
0.03945493698120117
0.06797003746032715
0.0532839298248291
0.05333995819091797
0.054174184799194336
0.044039011001586914
0.050042152404785156
0.0383758544921875
0.03954005241394043
0.03562283515930176
0.021780014038085938
0.030055999755859375
0.032833099365234375
0.027795076370239258
0.03777885437011719
0.022769927978515625
0.029448986053466797
0.01819610595703125
0.018021821975708008
0.0069730281829833984
0.006604194641113281
0.005223989486694336
0.0050771236419677734
